第二十章 业绩评价
业频评价, 是指企业运用系统的工具方法, 对一定时期内企业业绩进行综合评价的
管理活动。业绩评价搭标包括财务指标和非财务指标。业绩评价的工具方法有很多种
限于稿幅, 本教材仪以关键强效指称法、经济培加值和平衡计分卡为例进行简单介绍,
第一节财务业须评价与非财务业绩评价
一、财务业绩评份的优点与缺点
财务业颈碎份是极据财务信总来评价管理者业绩的方法。常见的财务评价指标包括
净利润、贷严报画率、经济培加值( EVA) 导。在贵任会计中, 各类责任中心的业绩许
价指标所采用的基本上都是财务业绩评价指标。作为一种传统的评价方法, 财务业绩一
方面可以反映企业的综合经营成果, 同时也容易从会计系统中获得相应的数据, 操作简
使, 易于理解, 因此被广泛使用。但财务业绩评价也有其不足之处。首先, 财务业绩体
现的是企业当期的财务成果, 反映的是企业的短期业绩, 无法反映管理者在企业的长期
亚颈改著方面所作的努力。其次, 财务业频是一种结果导同, 即只注重最终的财务结果,
而对达成该结果的改善过程则欠考虑。最后, 财务业绩对通过财务会计程序产生的会计
数据进行考核, 而会计数据则是根据公认的会计原则产生的, 受到稳健性原则有偏估计
的影响, 因此可能无法公光地反映管理层的真正业绩
二、非财务业绩停价的优点与缺点
非财务业绩评价, 是指极据非财务信息指标来评价管理者业绩的方法。比如与顾客
相关的指标: 市场份额、关键客户订货量、顾客满意度、顾客忠诚度等。与金业内部营
运相关的指标: 及时送赁率、存货周转率、产品或服务质量( 缺陷率) 、周转时间等。反
联员工学习与成长的指标: 员工满意度、员工建议次数、员工拥有并熟练使用电脑比率
员工弟二专长人数、员工流动掌等。非财务业绩评价的优点是可以避免财务业绩评价点


===== Page 515/545 =====
506( 9 财务咸本管理
侧重过去、比较短我的不足; 非财务业绩评价史体现长远业绩, 更体现外部对企业的整
体评价。非财务业绩评价的缺点是一些关链的非财务业绩指标在在比较王观, 数据的收
集比较图邓, 评份指标数括的可靠性难以保证。
第二节关镗绩效指标法
关键绩效指标( keypertommancei ndi cator, KPI) 法是被各类企业泛应用的一种绩效
管理方法。财政部印发的《管理会计应用指引第601号——关键绩效指标法》( 财会
[ 2017〕24号) , 对关键绩效指标法的含义、应用和优缺点进行了南述。
一、关链绩效指标法的者义
关键绩效指标法, 是指基于企业战略目标, 通过建立关疑绩效指标体系, 将价但彻
造活动与战略规划目标有效联系, 井据此进行绩效管理的方法。关疑绩效指标, 是对企
业绪效产生关键影响力的指标, 是通过对企业战咯目标、关键成果领域的缆效特征分析。
识别和提炼出的最能有效驱动企业价值创造的指标。关健绩效指标法可以单独使用, 也
可以与经济增加值、平衡计分卡等其他方法结合使用。关链绩效指标法的应用对象可以
是金业, 也可以是企业防属的甲位( 部门) 和员工。.
二、关键绩效指标法的应用
企业应用关链绩效指标法, 一般包括如下程序: 制定以关键绩效指标为楼心的绩究
计划、制定激励计划、执行绩效计划与激励计划、实雄绩效评价与激励、辑制绩效评价
报告与激励管理报告等。其中, 与其他业绩评价方法的关健不同是制定和实施以关键
效指标为楼心的费效计划。
制定黄效计划包括材建关理绩效指标体系、分能指标权主、确定景效自标但等。
1. 构建关键绩效指标体系
对子一个企业, 问以分三仁层次米制定天键质效招称体系。
. 第一, 企业级关键绩效指标。企业应根据战略日标, 结合价值创造模式, 绿合方比
企业内外部经营环境等因素, 设定企业级美键绩效指标
第二, 所属单位( 部门) 级关链绩效指标。根据企业级关键绩效指标, 结合防属年
位( 部门) 关键业务流程, 接照上下结合、分级组制、逐级分解的程序, 在沟通反馈的
基础上, 设定所属单位( 部门) 级关健绩效指标。
第三, 岗位( 员工) 级关键绩效指标。根据所属单位( 部门门) 级关键绩效指标, 绍
合员工岗位职责和关键工作价值贡献, 设定岗位( 员工) 级关链绩效指标。
企业的关链绪效指标一般可分为结果类和动因类两类指称。结来类指标是反联企业
绩效的价值指标, 主要包括投资报酬率、权益净利率、经济增加值、息税丽利润、目田
现金流量等综合指标; 动因类指标是反映企业价值关链驱动因素的指标, 王要包括资本


===== Page 516/545 =====
第二十章 业姨评价 0B 507
性支出、单位生产成本、产量、销量、客户满意度、员工满意度等。
天键请效指标应含义明确、可度量、与成路目标意度相关
2. 设定关键绩效指标权平
天避资效指标的权理牙院应以企亚战略自标为导可, 反联被评价对象对论业份伯页就可
支持的程度, 以及各指标之间的重要性水平。单项关键绩效指标权重一般设定在5常～30置
之间, 对特别重要的指称可适当提高权重。对特别关链、影响企业整体份值的指标可故
立“ 一票古决” 制度, 即如果某项关斑绩效指标未完成, 无论其他指标是否完成, 均积
为本光成黄效目标。
3. 设定关链绩效搭标目标信
企业确定关键绩效指标目标值, 一般参考如下标准: 一是参考国家有关部门或权原
机构发布的行业标准或参考竞争对手标准, 比如由务院国贷委考楼分局解布开母年更
新出放的《企业效评价标准值》: 二是参照企业内部标作, 包结位业成略目称、年度生
产经营计划自标、年度族算自标、历年指称水平等: 三是如果不能接照前面两种方法研
定的, 可以根据企业历史经验很细庭。
三、关健绩效指标法的优点和缺点
天健黄效指标法的王要优点: 一是使企业z绩评份与企之成略目标密切箱关, 有
于企业战略目标的实现; 三是通过识别价值创造模式把握关健价值驱动因素, 能够史有
效地实现企业价值增值目标; 三是评价指标数量相对较少, 易于理解和使用, 实施成本
相对较低, 有利子推) 实触。
天娃黄效指标法的王安缺点是: 关链颈效宿标的选取高要透彻理解企业价值创造
式和战路目标, 有效识别企业核心业务流程和关键价值驱动因素, 指标体系设计不当将
导数错误的价值导向和管理缺失。
弟二元, 经济措加作
刺余收益概念出现以后, 陆续衍生出各种不同版本的用于业绩评价的指标, 其中比
文引人注目的是经济增加值。经济增加值( eoonomi e val ue added, EVA) 是关田思腾思特
( St ernSt ewart ) 管理答询公司开发并于20世纪90年代中后期推广的一种价值评价指标。
固芳院因有受产品管管理签负会从2010年升始对中央企业负责人实行经济培加值考後我
不粉完著, 2019年3月1日爱布了第40号令, 要家于2019年4月1目开始能行《中央企
业负责人经营业绩考核办法》。财政部于2017年9月29日爱布了《管理会计应用搭引第
602号——经济增加但法》( 以下简称《应用指引》) 。2024年7月18日中国共产党第二
十质中臾委员会第三次全体会议提出, 要建立生有企之展行战略使命评价制度, 完善压
有企业分类考核评价体系, 开展国有经济增加值核算。


===== Page 517/545 =====
508( 0财务成本管理
一、经济增加值的概念
经济增加值指从税后净营业利海中扣除全部投入资本的成本后的剩余收益。经济却
加值及其改善值是全向评价经营者有效使用资本和为金业创造价值的重要指标。经济块
加值为正, 表明经营著在为企业创造价值; 经济增加值为负, 表明经营者在提段企
价伯。”
经济增加值=赛整后视后净营业利润9一调整后平均资本占用x加权平均货本成本
其中; 税后净客业利润荷量的是企业的经营盈利情况; . 平均资本古用反膜的是企里
持续投人的各种馈务资本和股权资本; 加权平均资本成本反映的是企业各样资本的平草
贷本成本学。
续[ 例19一2] , 假设加权平均税前资本成本为11需, 并假设没有富要调整的项日
计其A、B两部门的经济增加值。
( 1) A年门经济增加值=81000- 850000× 11%× ( 1=22%) =10875( 元
B部门经济增加值=67500- 560000× 11%× ( 1=25%) =21300( 元)
( 2) B部门经理如果来纳前面提到的投资机会( 投资额100000元, 每牛税前魏
13000元, 税前投资报酬率为13%) , 计算B部门经济增加值。
B部门采纳投资方蒙后经济增加值=( 90000+13000) × ( 1=25%) 一( 560000
100 000) × 11% × ( 1=25%) =22800( 元)
由子经济增加值提高, 因此B部门经理会接受该项目。
( 3) B部门经理如果来纳前面提到的减少一项现有资产的方案( 投资额50000无
每年税前获利6500元, 税前投资抵酬率为13%) , 计算B部门经济增加值。
来纳减资方案后经济增加值=( 90000- 6500) × ( 1- 25%) - ( 560000- 50000)
11%× ( 1- 25%) =20550( 元
网此, B部门经理食来销技资方案而放并减货方策, 与公司总同释一致。
尽管经济增加但的定义很简单, 但它的实陈计算却较为复杂。为了计算经济增加值
需要解决经营利润、资本成本和所使用资本数额的计量问题。不同的解决亦法, 形成了
不间的经济培加值。
( 一) 基本的经济增部值
基本的经济增加值是根据未经满整的经营利润和总资产计算的经济增加值。
基本的经深增加值重貌后净营业利河一报表平妈息食产x秋平购赏本成本
基本的经济增加值的计算很容易。但是, 由于“ 经营利润” 和“ 总资产” 是按照会
计准则计算的, 它们主曲了公司的具实业绩。不过, 对于会计利润来说是个进步, 因头
它承从了股权资金的资平成本。
( 二) 披席的经济墙加值
披离的经济增加但是利用公开会计数据进行话整计算出来的。这种调整是根据公布
①本节为兼败我国国资要《考核办法》和财政部《应用指引1》的和关规定, 以“ 税后净管业和演"进行表述
其含文与本教材第二章介的管理用财务般表体系中的“ 税后经苦净利润” 相同


===== Page 518/545 =====
第二十章 业绩评价 G3 509
的财务报表及其附注中的数据进行的。据说它可以解释公司市场价值变动的50%。
典型的调整包括: ( 1) 对于研究与开发费用, 会计作为费用立即将其从利润中打
除, 经济增加佰要求将其作为投贷并在一个管理的期限内裤销。( 2) 对于成路性投资,
会计将投资的利息( 或部分利息) 计人当期财务费用, 经济增加值要求将其在一个专
1门账户中资本化开在开始生产的逐步雄钥。( 3) 对于为建立晶牌、进入新市场或扩大
市场份额发生的费用, 会计作为费用立即从利润中扣除, 经济增加值要求把争取客户
的各胡效用资年化开在适当的期限内莲销。( 4) 对子折阳费用, 会计大多使用直线折
旧法处理, 经济增加佰要求对某此大量使用长期设备的公司, 按照更接近经济现实的
“ 沉淀资金折旧法” 处理。这是一种类似租货贷产的费用分摊方法, 在前几年折旧较
少, 而后几年由于技术老化和物理损耗同时发挥作用需提取较多折旧。
经价增加但和剩荣收益都与我资报酬学相联条。彩余收益业绩评价旨在设定部门书
资的最低报酬率, 防止部门利益伤害整体利益; 而经济增加值旨在使经理人员赇取超过
筑本成本的报酬, 促进段系贬高最大化。
经济增加值与测余收益有区别。部门刻余收益通常使用部门税前经青利润和要求的
税前投资报酬率计算, 而部门经济增加值使用部门税后净营业利混和税后加权平均资本
成本计算。当税金是重要因素时, 经济增加值比剩余收益可以更好地反映部门盈利能力。
如果税金与部门业绩无关时, 经济增加值与剩余收益的效果相同, 只是计算史复杂。由
于经粉增加但与公司的实际资本成本相联系, 因此是基于资本市场的计算方法, 资本市
场上权益资本成本和债务贷本成本变动时, 公司要随之满整加权平均贷本成本。计算彩
条收益便用的部了要求的报助学, 王要考虑管理安求以及部门个别风险的高低。
二、简化的经济增加值的计鼻
下面司要介绍固资委关于经济培加但计算的相关规定
( 一) 经济培加但的定义及计算公式
经济增加值是指经核定的企业税后净营业利润减去资本成本后的余额。
经济增加位=税店净营业利润=贵本成本
=税店净管业利润一调整后资本× 平购食本成本率
税后净带业利润=净利润+( 利息支出+研究开发费用调整项) x( 1=25%
调整后资本=平均所有者权益+平均带点负债一平均在建工有
平妈带息负
平均资本成本率=债权资本成本率× 平均带息负信十平均所有者权益× ( 1-25%) +服
平均所有者权益
权资本成本事× 平均带息负债十平均所有者权药
( 二) 会材调整项目说时
( 1) 研究开发费用器整项是指企业财务报表中“ 期间费用” 项下的“ 研发费用” 和
当期确认为无形资产的升发支出。
( 2) 对于第担关证楼心技不攻关任务面够响当期损益的研发投入, 同以按照100%的
比例, 在计鼻税后争客业利海的子以加回。


===== Page 519/545 =====
51040 财务成本管理
( 3) 对于动操投入费用较大的企业, 经回贷委认定后, 可将其成本覆用情况表中的
“ 勘探费用” 视同研究开发费用调整项子以加回。
( 4) 在建工程是指企业财务报表中的符合主业规定的“ 在建工程” 。
( 5) 对从事银行、保险和证券业务巨纳人合并报表的企业, 将负债中金融企业专用
科目从资本占用中子以扣除。基金、胜资租货等金融业务纳人国资委核定王业范围的企
业, 可约定将相天带总处镜从资举古用中子以扣陈。
( 6) 利总支出是指企业财务报表甲财务费用” 项下的“ 利息文出” 。年息页倾五
指企业带总负债情况表中带息负债合计。
( 7) 企业经营业等主安在出( 境) : 外的, 25%的企业所得税税学可于以简轻。
( 三) 差异化贷本成本率的确定
, ( 1) 对主业处手充分章争行业和领域的商业类企业, 股权壁本成本率原上定为
6. 5%, 对主业处于关系回家安全、臣民经济命脉的重要行业和关键领域、王要本担重大
专项任务的面业类企业, 股权资本成本掌原则上定为5. 5袋, 对公益类企业段权资本成本
率原则上定为4. 5%。对军工、电力、农业等资产通用性较差的企业, 殷权资本成本率
浮0. 5个百分点。
( 2) 债权资本成本率m利患支出总额/平均带点负货
利息支出总额是指带息负债情况表中“ 利息支出总赖” , 包括费用化利息和资本化
利总
( 3) 资产负债率高于上年且在65%( 含) 至70%的科研技术企业、70%( 含) 至
75%的7C业企业或75紧( 含) 至80路的非工业企业, 学对筑举成举单上等0. 2T日牙点
资产负债率高于上年且在70%( 含) 以上的科研技术企业、75%( 含) 以上的工业企业
或80%( 含) 以上的非工业企业, 平均资本成本率上浮0. 5个百分点。
( 四) 其他重大调路事英
发生下列情形之一, 对企业经济增加值考核产生重大影响的, 国贫委的情予以调整
( 1) 重大政束处化。.
( 2) 产重自然火害等不可机方因系。
( 3) 企业重组、上市及会计准则调整等不可比因素。
( 4) 国贷委认可的企业结构调整等具他事
【例20一1】甲公司是一家中类电力企业, 采用经济增加值业绩考核办法进行业绩计
量和详价, 有关黄料如下;
( 1) 20x0年甲公司的净利润为40亿元; 费用化利息支出为12亿元, 资本化利息支
出为16亿元; 研发贵用为20化元, 当另天调认为无形黄产的开发支地
( 2) 20× 0年中公司的年末无息负赁为200亿元, 年初光息负债为150化元; 年末带思
负债为800亿元, 年初带急负债为600亿元; 年末所有者权益为90亿元, 年初所有者权益
700亿元; 年末在建工程为180亿元, 年初在建工程为220亿元, 在建工程均符合王业规定
根据上述资科: 计算中公可20× 0年的经济增加值。
( 1) 计算税后净常业利润。
税后净营盘利沟=净利沟+( 利息支出+研究并发资用调整项) x( 1- 25%)


===== Page 520/545 =====
第二十章 业填评价 0D 511
研究开发数用调整两=研发数用+当另编从为大形贪产的开发支田=20+0=20( 化元
税店净管业利列=40+( 12+20) × ( 1- 25%) =64( 化元
( 2) 计算调整后资本。
调整后资本=平均所有者权益+平均带息负债一平均在建工和
平均所有者权选章( 900+700) 章2m800( 亿元
平均常员债( 800+600) ÷ 2章700( 化元
平均在建工程=( 180+220) ÷ 2=200( 化元
词参后资本=800+700- 200=1300( 化元
( 3) 计并平均货本成本率。
平均带息负
平均黄本成本平=情权赏本成本率× 平均带息负债十平均所有者权益× ( 1- 25%) +酸
平均所为者权益
权资本成本平x
年均带急货债中平均所有者权
赁权责本成本率=利意支出总额寻平均带息袋作
利意支坩总额=觉用化利易支出+食本化和息支田=12+16=28( 化元
赁杖货本成本率=28÷ 700=4
因中公作为中力企之。其手之处十子来时条金、的民经济好称的象行业和子
的3为个7消性
及本成34鲁33%- 03m鲁38
0
800
十对资本成今平4%× 700+800x( 1- 5%) +3%
=4, 07%
700 +00
年系资产负资单=( 200+800) ÷ ( 20+00+00) 圈1000÷ 1判0=52. 63%
年初资产页资率m( 150+600) 章( 150+60知+700) m750章1430m51. 72%
读产景赁牵虽然高于上年但低子65常, 故不房于多要调整的情况
( 4) 计算经济增加值
经济增加住=税后净常量利润一查本成本
=税后净常业利润一调零后贫本X平封货本成本车
2u41=0=1300x4. 08=6=821=11. 0(
三、经济增加值评价的优点和趹点
( 一) 经济增加值拌份的优点
经济增加值考虑了所有资本的成本, 吏其实地反映了企化的价值创造能力; 实现了
伦业利靠、经言者利益和员工利益的统一, 微动经客若和所有员工为企业创造更多价很
能有效退制企业百目扩张规模以追求利润总量和增长率的倾问, 导企业注重价但包造。
经济增加住不仪仪是一种业绩评价指标, 它还是一样全面财务管理和新前微励框架。
经济培加伯的吸力主要在于它把资本预算、之强评价和灌励报结合起来了。过去
为t 1Neeu为yr 的eeat / n
面。b- - 3价nxAgt 14k#B. B
白是学价编加很。贷华调算的快束基础是以项当现学订现的丝价编加阻, 侧生产


===== Page 521/545 =====
51200 财务成本管进
经营效益的指标是经济培加值, 突金根据适当的自称单位经济培加值来确定。这使管理
变得简单、百接、统一与和语。经济培加伯是一个独符的薪金微励制度的关锐变量。它
第一次具正把营理者的利益和胶东利益统一起菜, 使营理者像胶东都样思雅和行动。经
济培加值法是一种治理公可的内部控制制度。在这种羟制制度下, 所有员工问以协同工
作, 积极地追求最好的业绩。
完同性案。kA) 以伯的日以M仪有吧A州
济培加伯选举最有而景的公可。经济培加伯还是段票分析系手中的一个强有方的工具。
( 二) 经济增加值拌价的魏点
言先, 经济坩如值仪对企业当或未来1一3年价值创造情况进行衡量和填界, 无法
衡量企业长远发度成略的价值创造情况; 其次, 经济培值计算主要基于财务指称, 大
法对企业的营运效学与效果进行综合评价; 母次, 不同行业、不同发展阶设、不问规象
等的企业, 其会计调整项和加权子均资本成本各不相同, 计算比较复杂, 影响指标的
比性。
此外, 由于经济培加伯是绝对效指标, 因此不便子比教不同规模公同的业绩。
经济培加伯也有与投资报种率一样误导使用者的缺点, 例, 处于成长阶设的公贰
经济培加值教少, 而处于衰退的设的么可经济增加伯可能教高。
在计算经济培加伯时, 对于净利润应做郑些调整以及资本成本的确定导, 间存在许
多争议。这些争双不利于建立一个统一的现范。而缺之统一性的业绩评份指标, 只能在
一个公司的历史分析以及内部评价中使用。
, 第四节半衡甘下
平衡计分卡是由略师商学院卡普兰( Robert S. kapl an) 和诺兰话项研究所诺载
( DavdP. Nort on) 子20世纪90年代提出的, 是指基子企业战略, 从务、各户、内
业务说程、学习与成长四个维度, 将成格目标座层分解转化为其体的、相互平衡的
效指标体系, 开据此进有绩效管理的方法。字衡计分卡打敏了传统的只在原财务指符
的业绩评价模式, 认为传统的财务搭标属于滞后性指标, 对于指导和评价金业如何选
1r 42t o3、gI ( 27aNTN
8f 花Unt A1t 1小N
性的先有指称。另外, 贬高》案志指出, 事实上只有不到10%的企业战略被有效地我
行, 具正的问是不是酸略不好, 而是执行能力不够, 至少70%的原因归暗战路执行的
关败, 而非战烙本身的错误。战烙抗行关败的原因是田沟通障得、管理障梅、资源院
得和人员障得造成的。
一、平衡计分卡框集
t 1' t r t nt 3EanBn3BTal


===== Page 522/545 =====
第二十章业绩评价 ( 9 513
络联系起来, 设计出了一套能使伦业意世迅速目全面了解企业经营状况的指标体条, 用
A6l 53r l 3n年。+b1a21r t
的目标和拾标来源于企业的景和成略, 这此自标和指标从四个维度来考签企业的业绣
即财务、顾各、内部业务流程、学习与成长, 这四个维度维成了平衡针分卡的程架( 见
图20- 1) 。
财务: “ 袋在财务方面取得
成功, 我们应向投资者展
示什么?
目标评估指标计划
6
内部业务流程: “ 要投贤者
愿景
和限客措意, 部些业务流
应向顺客展示什么?
与
B意
自标【评估[ 指标[ 计文
哉路
目标[ 评估」搭标[ 计之
举习与成长: “ 整实现目标
体将普
部
目称评估指标计
图20- 1化战路为行动的平葡计分卡框
( 一) 对务维度
目标是解决“ 股系如何看存找们】” 的问。表明企业的努力是否最整对企业的经好
收益产生了积极的作用。众所周知, 现代企业财务管理目标是企业价值最大化, 而对企
业价值自标的计量密不开相关财务指标。财务维度指标通著包括投贷报的率、权益净和
率、经济增加值、总税的利流、自由现金流量、贷产负债、息贷产严周转率等。
( 二) 预客维度
一一限回各各如何石存我】的向。各是伦业之4, 是说1企的利
来游。顾各路受理应成为企业美注的焦点, 应当时间、质量、服务效率以及成本等方
面了解市场份额、顾客需求和顾客满意程度。常用的顾客维度指标有市场份额、客户满
意度、客户获得率、客户保持学、各户获利率、战路客户数量。
( 三) 内业务流程缝度
着眼于企业的核心竞争力, 解决“ 我们的优势是什么” 的问题。企业要想接时向院
客交份。满足现在和未来膜签的需要, 就必貌以合理流检的内部业务流程为前提。因此,
企业应当明确自舟的核音争力, 遵选出那此对随客满意度有最大影响的业务流程, 主
把它们转化成具体的测指标。反映内部业务流程组度的常用指标有交货及时案、生产
负何学、产品合格学等。
( 四) 学习与成长维度
其目标是解决“ 我们是古能强续提基并创造价但” 的间题。只有持续不新地开发动产


===== Page 523/545 =====
514( 3财务成本管理
品: 为各户则史多心开隔学名收单, 企方能打入新印场, 能得各时两总, 及
而块加股东份值。企业的学马与成长来自子员工、侣息亲统和伦2精子导。般培经营环境村
利润增长点的差异, 伦北可以础定不同的产品创新、过程创新和生产水平提高指标, 动产
品开发同动、员工病意度、员工保持率、员工生产学、培训计划元成率、人力资本准价度、
信息资本准备度、资本准备度等。
传烧的业结评价系统仪仪将搭标场供给管理者, 无论财务的还是非财务的, 而很少
看到彼此间的关联以及对企业级签目称的影响。但是, 平衡计分卡则不同, 它的各个经
成部分是以一种集成的方式来设计的, 论业现在的务力与未来的前章之间存在着一样
“ 因果” 关系, 在伦业目标与业费指称之同仔在着一条“ 因来关系链” 。从平衡针分卡中
肾理若能多看并分材影响企业轻体目标的各种关轻因素, 面不单甲是短期的则务结果。
它有助子营理者对整个应务活动的发展过程始签保符关注, 并确保现在的实际经营业员
与伦业的长期战略保持一数。
根据这四个不向的用度, 平衡计分卡中的“ 平衡” 包括外部评价指标( 如股乐和各
户对能业的评T) 和的部评指标【如的和经攻程, 游技不字为学) 的子侧; 染以
价指标( 如利润、市场占有学等) 和导数成果出现的整动因素评份指称( 如新产品技资
开发等) 的平简; 财务评价指标( 如利和等) 和非财务评价指标( 如员工忠诚度、各卢
满意程度等) 的子衡; 短期评份指标( 如利润指标等) 和长期评价指标( 如员工培训成
本、研发费用等) 的字简。
二、平衡计分卡与企业战略管理
给理定金业理的同级矿段, 亚定子企豆的长这发展, 根话下部外意及自支
特点, 思晓战略白称, 来取独特的竞争战略, 以求取得克争优势。平衡计分卡则是实
被了传统业绩碎价条统的同限性, 在碳烙高度评份伦业的经客业锁, 把一整签财务与
非务指标向伦业的成格联系在一起, 是进行酸略管理的基征。建立平衡计分卡, 贤
确伦业的愿景目称, 就能防物管理人员建立一个得到大象广泛从同的照蒙和战略, 开
t 7B30233- 3I G8Nahh
路, 整使各级部[ 采取有利子实现器景和酸略的有动, 将部】、个人目标同长两成解
相获系。
( 一) 平衡叶分卡和战略管理的天系.
平衡计分卡和成格管理的关系同以田图20一2表乐。
一方面, 成格视切中所制定的目标是平衡计分本考被的一个基准; 另一方面, 平衡
f bxe62et M
O1Aa510- 21( a
a1州k、为中ar 1Ak+
起。其体的程序记括:
( 1) 响述并程释品景与战路。所消愿景, 可以间甲理解为企业所要达到的远明自标。
有效地说明器景, 同以使其成为企业所有成员的共向理想和目标, 从面有助子管理人员
就企业的使命和战略达成共识
( 2) 沟通与联系。它得管理人员在企业中对战路上下沟通, 并将它与部门及个人


===== Page 524/545 =====
第二十章 业绩评价( 0515
的二6
陶述景
达成其识
4. 战略反馈与学习
2沟通与联
阐述共同息
沟通和教有
平衡计分卡
提供战略反饮
确定目标
协的战略斜讨与学习
炭易与业界指称挂锐
3. 计划与制定目标值
制定目标值
协湖战略行动方案
分配餐源
建立里程
图20- 2 平衡计分卡与战略管理之问的关
目标联系起来,
( 3) 计划与制定目棕值。它使仓业能够实现业务计划和财务计别一体化。
( 4) 战路反与学习。它使得企业以一个组织的无式获得成路型字习与改进的能为。
( 二) 平衡计分卡的要求
为了了使平衡计分卡同企业战略史好地结合, 必须做到以下儿点
( 1) 平衡计分卡的四个方而互为因果, 最终目的是实现企业战路。一个有效的平得
计分卡, 绝对不仪仪是绩衡量指标的结合, 而史应该是各个指标互相联系、互相补充所
形成的完整体条。围绕企业成略所建立的因果关系链, 应当员学于平计分卡的四个方面。
( 2) 平衡计分卡中不能只有具体的业缆衡量指标, 述应包括这些具体衡量指标的耻
动因素。否则无法说明怎样行动方能实现这些自称, 也不能及时总示战烙是否测和实融。
一套出色的平衡计分卡应该是把企业的战略结果同驱动因素结合起来
( 3) 平衡计分卡应该最缘和财务指标联系配菜, 因为企业的最终目标是实现良好的
经济利润。平篌计分卡必须强调经晋成果, 这关系到企业未来的生存与发展。
三、战路地图架杜
仓业的战略主要说明如何设法为股东、项客例造价值。如果企业的无形资产代表了
价值创造的重要资源, 那么, 战略地图( 见图20- 3) 就是为战略如何连接无形资产与价
值创造是供- 个架构。
( 一) 财务维庭: 长坦期对立力量的战路平衡
战格地图之所以保留了好等层面, 是因为它们) 是企业的最终目标。财务绩效的衡量
结果, 代表了企业战路贯彻实施对企业营运数学改善的贡献高低。财务方面的目标通常
都与获利能力的篌量相关。企业财务馈效的改尊, 主要是收入的增长与生产力的提升两


===== Page 525/545 =====
|516 财务成本管理
种本途径。
财务维度
长期股东价值
生产力提升
牧入增长
只客坩度
产品服务特在
关来
( 价整) C品质) C时间) ( 功能( 伙作) ( 品脾
务将
1背运管理
顾客管理
门创新管
法周与
流程
流程
流程
社金流程
学习与监长维度
人力资本
组织资本
息质平。) 十
图20- 3 战略地图架格
( 二) 陕各维度; 战路是子差异化的价值主张
企业米取追求收入增长的成略, 必纳在项各层面中选定价值主张。此价佰主张说时
了企业如何针对其目标顾客群创造出具有差异化而又可持续长久的价但。
基本上, 所有的企业都希架能常见的膜答衡量指标( 如隙各满章度等) 来如以改
进, 但仪仪满足和维系欧各还格不上是战略。战略应该要标明特定的膜各群, 作为企
成长和获利的标的。例如。我国春秋能空公动就是聚用低价战路, 满足并维系对价格
第数的以各拜。任伦业编实了解自标限各排的号份特性《后, 新同根活所强出的价作
中张术正与重则白。下1王说界定【e/ 1与两则各年所是间严品。
价格、服务以及形象的独特组合。因此, 价在主张应能达到宣扬企业竞争优势或产品与
股务差异的自的。
( 三) 内部业务流程维度: 价值是由内部业务流程创造的
内部业务流程完成了组织战路的两个重要部分: 针对项客的价值主张进行生产与交
贷: 为对务宏面中的生产力要件进行流程改善与成本降低的作业。内部业务流程由营运
管理流程、欧各管理说程、乞新营理流程和法现与杜会流程四个流程组成。
( 四) 学习与成长维度: 无形资严的成路性整合
战略地图的学习与成长层面, 王要说明企业的大形资产及它们在战路中扮演的角色
无形资产可以归纳为人力资本、信息资本和组织资本三类
四、平衡计分卡与传统业绩评价系统的区另
( 1) 从"制定目标- —执行目标——实际业绩与目标值差异的计算与分析——采取


===== Page 526/545 =====
第二十章 业绩评价 ( 3 517
纠正措施"的目标管理系统来看, 传统的业绩考核注重对员工执行过程的控制, 平衡子
分卡则强调目标制定的环节。平衡计分下方法认为, 目标制定的前提应当是员工有能无
为达成目标面采取必要的行动方案, 因此设定业绩评价指标的目的不在于控制员工的有
为, 而在于使员工能够理解金业的战略使命并为之付出努力。
( 2) 传统的业绩评价与企业的战略执行脱节。平衡计分卡把企业战略和业绩管理系
统联系起采, 是企业战路执行的基础架构。
( 3) 平衡计分卡在财务、客户、内部业务流程以及学习与成长四个方面建立企量的
战略目标。用来表达企业在生产能力竞争和技术革新竟争环境中所必须达到的、多样的、
相互联系的日标。
( 4) 平衡计分卡帮助企业及时考评战路执行的情况, 根据需要( 每月或每李度) 适
时调整战略、目标和考核指标。
( 5) 平衡计分卡能够帮助企业有效地建立跨部门团队合作, 促进内部管理过程的
术进行。
五、平衡计分卡的优点和缺点
( 一) 平衡计分卡的优点
( 1) 战路目标逐层分解并转化为评价对象的绩效指标和行动方案, 使整个组织行动
协调一致
( 2) 从财务、客户、内部业务流程、学习与成长四个维度确定绩效指标, 使绩效许
份更为全面、完轻;
( 3) 将学习与成长作为一个维度, 注重员工的发展要求和组织资本、信息资本等无
形资产的开发利用, 有利子培强企业可符数发展的动力。
( 二) 平衡计分卡的魏点
( 1) 专业投术要求高, 工作量比较大, 操作难度也较大, 需要持续地沟通和反馈
实施比较复杂, 实施成本高;
( 2) 各指标权重在不同层级及各层级不同指标之间的分配比较附难, 且部分非财务
指称的量化工作难以落实
( 3) 系统性强, 步及团) , 需要专业人员的指导、企业全员的参与和长期持续的修
正元善, 对信起系统、管理能力的要求较高。
第力节编效校样模共
颈效校柱模整( pet ommance pnsm) 是田英固克兰非尔悬学院安迪· 尼利( And
Neel y) 与安达信咨询公司开发的赁效布梨模型, 是一个以利益相关者为中心的业绩评价
体系。财政部印发的《管理会计应用指引第604号- 绩效楼柱模利》( 财会〔2018〕22
号) , 对费效被柱模其的含义、应用和优缺点进行行了南述。


===== Page 527/545 =====
51840财务成本管理
一、绩效校柱模型的含义
绩效棱柱模型, 是指从企业利益相关者角度出发, 以利益相关者满意为出发点, 以利者
相关者贡献为落脚点, 以企业战略、业务流将、组级能力为手段, 用棱柱的五个构面构建三
维绩效评价体系, 并据此进行绩效管理的方法。利益相关者, 是指有能力影响企业或者被企
业所影响的人或者组织, 通常包括股东、债权人、员工、客户、供应商、监臂机构等
金业要可持续发展, 首先必须清楚知道企业重要的制益相关者是谁, 他们想得到什
么; 然后据此制定战略, 通过实施战路将价值传迎治利益相关者; 再者, 在我行战略的
企业必须具有鹿够有效发出命令和执行命令的业务流程: 而且, 在业务流程执行过程中
企业必须有能力保证流程的质畅运行; 最后, 也必须获取利益相关者对企业的贡献, 才
能使企业保持可持续发展能力。基于此, 绩效棱柱模型用棱柱的五个构面分别表示影响
组织绩效并且存在内在因果关系的五个关键要素: 利益相关者满意、利益相关者贡献、
企业战略、业务流程和组织能力。利益相关者满意构面目标是解决“ 诳是企业的主要利
卷相关客, 他们的路的科要求是什么”
的a。企业战路构面目标是群决“
企业应改才
用什么成路来满足利益稻关若需永, 向时也满足企亚自己要求的向题。亚劳说程构画官
标是解决“ 企业需要哪些关键业务流程才能执行战略” 的问题。组织能力构面目标是解决
“ 企业需要哪些能力才能开展和改善企业业务流程” 的问题。利益相关者贡藏构面目标是体
决“ 为了培育和发展组织能力, 企业需要利益相关者为企业作出哪些贡献” 的问题。
绩效棱柱模型关注重要的利益相关者, 既强请了利益相关者价值的获得和满意, 又
律量了利益相关者对企业所作的市就。有效地处理了企业与每一个利益相关者的关系,
有利子伦业司持要发展。
二、绩效楼柱横型的应用
通常来说, 绩效棱柱模型根据不同利益相关者设置利益相关者满意、企业战略、业
务流程、组织能力和利益相关者贡献五个构面的评价指标体系( 见表20- 1) 。其中, 利
益相关者分为投资者( 包括股东和债权人) 、员工、客户、供应商和监管机构。企业可以
根据自身需要则分利斧相关者, 并设置相应指标。
表20- 1
绣效楼柱模型指标体条示例
利张和关煮
深价指称
客户
供应
监铵机构
投商着
客户满意度
渝期付款次数
社会责载率
总资产报隔平
员工满霉度
净资产收益本
工资收人增长率
客户投诉率
资本保值增值率
有
源息率
人均工资
评份搭标
资产负债率
流动比率


===== Page 528/545 =====
第二十章 业绩评价 ( 3 519
侠表
关
评折指标
投资考
应司。
益管机发
可持续增长率
员工职小规划
品脾意识
供应商关系质量
改策法规认知度
企业最略评价指衍
贵本结构
员工福利计划
客户增长率
企业的环保章识
研发投人比率
标准化流程比率 员工培训有效性
产品合格率
采购合同履均率
环保我人率
料中
内部控侧有效性  培训费用支出率
在时交齿率
供应商的稳定性
罚款与情俊比率
总资产周转率 员工专业技术水平 售后雕务水平
采购折扣率水平 节出减持达标率
组织能力评价搭标
管班水平评分 人力水 市场管理水平
供应链管理水平
供应商产品
融资成本半
员工生产率
客户忠该度
利益相关者资献
当地政府支持度
底量水平
评价指标
员工保持率
客户毛利水平
按时交货率
税收忙巫程度
企业设定绩效棱柱模型指标的绩效目标值, 以利益相关者满意指标目标值为出发点
读步分解得到企业龙酯、业务流程、组织能力的各项指标目标值。最终实现利瓷相关者
方献的目标值。各自标值应符合企业实际。总有可实现性和挑税性, 使被评价对象经这
努力可以达到。绩效核柱模型的实施是一项长期管理改善工作, 企业在实践中通常可来
用先试点后准广的力式, 循了济进分步实施。
三、结效校柱模型的优点和缺点
( 一) 筑效校柱模型的优点
坚持主要利益相关者价值取向, 便主要利益相关者与企业紧密联系, 有利于实现介
业与主要利益相关者的共赢, 为企业可持续发展创造良好的内外部环境,
( 二) 绩效校柱模型的缺点
游及多个主零利着相关考, 对每个主要利著相关者都要从五个构面建立指标体系
指标选取复杂, 部分指格较难量化, 对伦业信总系统和管理水平有较高要求, 实施姓度
大、门植高。
第六节 标杆管理
标杆管理( Benchmarki ng managcmcnt ) , 又称基准管理。财政部印发的《管理会计应
用指引第406号—标杆管理》( 财会〔2025〕22号) , 对标杆管理的含义、应用和优缺
点进行了阐述。
一、标杆管理的含义
标秆臂理, 是指在企业内外子找在某一功指标或某一个方面其有较强竞争力的部门


===== Page 529/545 =====
52043财务成本管理
组织等主体, 或某一项最佳管理实践, 将其作为称秆, 并将本企堂的业务流程、产晶、
技术、服务、管理或其他相关实践的状况与标秆进行比较, 进一步分析标秆竞争力形放
的原因, 制定改进康路, 并不断循环设过档, 实现期自标的一种管理方法。
企√2应用标秆营理工具方法的主要自标, 是进过与标秆进行对对比分析, 识别差配、
优化流程并制定改进策略, 以持续改进企业经营状况, 优化企业管理效能, 提高企业核
心竞争力。企业通常在产品服务降本增效、业务流程优化彻新、人力贷源管理改进、商
业模式创新等流程中应用标杆管理。
孩标杆来源, 标杆管理一般分为内部标杆管理和外部标杆管理。内部标秆管理, 是
指与企业因部不问部可成业务单元进有对比和学习识别和推” 内部最往管理实院。持
升企业整体绩效。外部标杆管理按竞争关系, 二般分为竞争性标杆管理和非竞争性标杆
管理。竞争性标杆管理, 是指与直接竞争对手进行对比和学习, 通过分析党争对手的仇
努和务势, 找出自身差距, 提升竞争力。非竞争性标杆管理, 是指与非直接竞争对手进
行对比和学习, 借盛其他企业在特定复域的优旁实胾, 提开目身管理水平。
按标杆适用性, 标杆管理一般分为通用性标杆管理和功能性标杆督理。迪用性标
杆管理, 是指在跨行业或跨领域中寻找通用的最佳管理实践, 通过学习这些适用实
践, 提升企业的整体运营效率和管理水平。功能性标杆督理, 是指在特定功能或济
程上与其他企业进行对比和学习g特定功能或流程包括物流管理、客户服旁、供应
锋管理等。
二、标秆音理的应用
( 一) 伦业应用标秆音理方法度说循的基本原则
1. 可比性原则。企业应确保所选标杆对象在业务性质、现模、市场环境等方面与本
能亚具有同比在, 来此对此海来庄细s回籍a含
2. 持续性原则。企业应将标秆管握作为一项长期任务, 持蝶进行对比牙析和政进
3. 实用性原则。企业应结合实际情况, 确保标杆管理方法可操作, 具有实际应片
价值。
4. 合法性原则。企业应合法获取标杆对象的相关经营数据、指标及管理流程等信息
n149
( 二) 标秆管理的应用环境
标秆管理一投应由负员企业自称制定, 战格管理与黄效官理的部1了年关, 开展标有
管理的策、组织、跟踪、评估等工作, 并建立跨部门协同机制, 共同负责本伦业的籽
杆管理计别与实施工作。标杆管理应得到管理层的支持, 并提供必要的组织和资源保障
集团公司可基于下属企业的现模、地理位置等属性开展分组对标, 实现度性竞争与协同
改。
企业应建立完毒的内部信总系统和外部信息条道, 确保能够及时、准确、高效地获
取企业自相烯迁对象的相关经管效诺、宿标及言理说性等信己。企、2应具有对以来单
的内外部数据进行深人分析的蔗力, 可以利用大数据、人工智能、云计算等现代信息技
术, 提取有价值的数据并进行深度学习和预测分析, 识别出关键绩效指标之间的差异,


===== Page 530/545 =====
第二十章 业绩评价 GB521
开我出信任的进快以g企业应建双据标性化官理体条, 用保所来集宿己的元轻性
性嘱性、一一效生和可比在。外, 企应建Z杆名理双案和进机杨, 对标壬言理
融情况进行总结和评活, 及的发现和解决同。企业还应加强对员工的培训和三传, 书
助员工理解标杆管理的理念和方法, 提升其参与标杆营理的积极性和能力, 培养企业内
部标杆管理文化。
( 三) 标杆管理的应用程序
花业进了称什名理, 一一技照称行第象选律与指称学条设计与效诺收
效培牙材与差理以列改进力茶市廷与贷源经合、机们益肾以及意效评范程序升段
1. 标秆对象法择与计切。企业应根据行业评份指标体系、企业战路目标、克争情
和自身经营现状, 确定需要进行标杆分析的具体项目, 并制定标秆督理实施计划。企业
应最大范臣地授条和调套备选对象, 开选净在某知域具有最住管理实线的对象作为标杆。
可选择的标杆对象包括组织内部的优秀部门、优秀的竞争对手、职能类似的跨行业企业、
心B4
2箱你体系收与效活集。企2应及出一合理的梅称学条, 并在此基样
上开展效据贷料的收集和整理工作。伦业司通过公开案道、行业报告、实地考察等多料
途检, 收集标秆对象的相关信息。对于集团企业可以米用内部标秆指标演算方式, 确立
管理指标, 并在后赛年度持续优化完善
3. 效括分析与差距识别。伦业应对收集和感理的数据资料进行分析, 识易自身与材
秆在关铵贵效指标和臂理实践上的差距。分初对标对象的优劳, 明确关庭差距, 找出原
因, 设定未来的效目标, 为店候的学习和改进提供明确方向。
4. 改进方案制定与资源整合。企业应根前别计和分析阶投的工作成果, 制定改
进方菜, 取和整自的部贷原, 保站的有双列用, 开在在的部形成共识
5. 执行监督。企业置产格机行改进方案开监督工作进展情汽, 不新与标秆进行比较
强保工作接服预期方间开展并取得阶段性成果,
6. 绩效评估。企业应在标杆管理基本完成时做好绩效评估工作, 检金管理活动的效
果是否达到执期, 按照计刘、实能、检查、处理等四个所段形成团环管理, 既对数个材
杆管理的结果进行经酸总结, 也为并始新一轮标样管理微好准脊, 从面实现持续改进。
企业在母花子官班同两结泉后, 总结提研可是市、同推) 的公部文住合理实我, 并
成史先进的实战方法, 推动标秆言理的持窦优化。
企业也可以利用“ 标杆环” 规戈标杆管理的整体流程, 具体包括立标、对标、达标
创标等环节, 四个环节前后衔接, 形成持续改进、骤旋上升的良性得环。
1. 你a在4的2下子说板生理法, 在e为记语成来- 一总体法
流程、营理误式, 将其作为标秆和学与对象。
2. 对标。比照标杆子找差距, 通过不析分析和球繁, 我到适合目号符点、补足目支
理故、达到县至路感标秆的其体方案。鼓励引1人对标历谈、体验式学为、深度案例研究
等方法, 培强对标的渊入性和实我性。
3. 达标。洛实方菜, 迅之学习和实戴达到甚至超数标秆水平。
4. 例标。招成标杆对象, 形成更先进的实践万法, 成为新标秆,


===== Page 531/545 =====
522印财务成本管理
三、标杆管理的优点和缺点
( 一) 标杆管理的优点
为企业提供优秀实践的标杆, 帮助企业快速适应市场变化, 构建学习型组织, 促使
企业积极学习外界先进的管理方法和理念, 通过不断的学习和改进, 使企业在市场竞争
中保持领先地位
( 二) . 标杆管理的联点
选择标杆难度大, 数据获取成本高, 文化适应因难, 短期效果有限等。


===== Page 532/545 =====
附
录


===== Page 533/545 =====
524( 0 财务成本管理
复利终值系数表( F/P, i , n) =( 1+i )
附表—
3
2
0
1
期数
1. 0400 1. 0500 1. 0600 1. 0700 1. 0800 1. 0900 1. 1000
1. 0100
1. 0200
1. 0300
1. 0816 1. 1025 1. 1236 1. 1449 1. 1664 1. 1881 1. 2100
2
1. 0201
1. 0404
1. 0609
1. 0927 1. 1249 1. 1576 1. 1910 1. 2250 1. 2597 1. 2950 1. 3310
10303 1. 0612
1. 2155 1. 2625 1. 3108 1. 3606 1. 4116 1. 4641
1. 0406
1. 0824
1. 1255 1. 1699
1. 4026
1. 493
1. 5386
1. 6105
12167 1. 2763 1. 3382
1. 0510 1. 1041
1. 1308
1. 4185 1. 500
1. 5869 1. 6771 1. 7716
1. 1262
1. 1941 1. 2653
1. 3401
1, 0615
1. 60
1. 7138 1. 8280 1. 9487
7
1. 1487
1. 2299 1. 3159 1. 4071
1. 5036
1, 0721
1. 7182
1. 8509 1. 9926 2. 1436
1. 1717
1. 2668 1. 3686
1. 4775 1. 5938
1, 0829
1. 6893 1. 8385
1. 9990 21719 2. 3579
1. 4233 1. 5513
9
1. 0937 1. 1951
1. 3048
1. 790 1. 9672 2. 1589 23674 2. 5537
1. 2190
1. 3439 1. 4800
1. 6263
0
1. 1036
2. 5804 2. 8531
1, 2434
1. 3842 1. 5395
1. 7103
1. 8983 21049
23316
1. 1157
2. 8127 3. 1384
1. 6010
1. 7959
2. 012
22332
83182
12
1. 1268
1. 268
1. 4238
3. 0658 3. 4573
13
1. 2936
1. 4685 1. 6651
1. 8856 2. 1329 24098
27106
1. 1381
2. 5785 29372 3. 3417 3. 7975
1. 731
1. 9799 2. 2609
14
1. 1495
1. 3198
1. 3126
2. 7590 3. 1722 3. 6425 4. 1772
15
1. 343
1. 5580
1. 8009
2. 0789 2. 3966
1. 1610
3. 9703 4. 5950
16
1. 3728
1. 6047 1. 8730
2. 1829
2. 3400
2. 321
3. 4780
1. 1726
2. 2920
26928 3. 1588 3. 7000 4. 3776 5. 0545
1652
19470
17
1. 143
4. 717
33301
18
1. 196
1. 4282
1. 7024 2. 0058
2. 406
234 353
2. 520
3. 0256 3. 6165
4. 3157 5. 1417 61139
15
1. 2081
1. 4568
1. 7535 2. 1068
67275
2.
3. 2071 3. 8697
4. 6610 5. 6044
20
1. 2202
1. 4859
1. 8061
2. 1911
7. 4002
2. 7860
3. 3996 4. 1406
5. 0338
6108
21
1. 2324
1. 5157
1. 8603
2. 27
6. 6586 8. 1403
2. 9253
3. 6035 4. 430 5. 4365
22
1. 2447
1. 5460
. 016
2365
7. 2579 8. 2543
3. 0715
4. 740
871
2
1. 2572
1. 5769
1. 076
2464
3612
7. 9111 9. 8497
2. 0328 23633
3. 2251
4. 0M89 50724 63412
24
1. 6084
1. 2b0
8. 6231
10. 835
3. 3864 4. 2919 5. 4274
6. 43
25
1. 2824
1. 6406
20088
2003
9. 3992 11. 918
4. 5494
. 070
7. 00
26
1. 2953
1. 6734
2. 130
372
3333
2. 8834 3. 7335 4. 8823 6. 2139 7 10. 245 13. 110
2
1. 3082
17060
2. 2013
11. 167 14. 421
3. 9201
5. 1117
6. 64
8. 62
28
1. 3213
1. 7410
2. 2870
2361
7. 1143
9. 3173
12. 172 15. 863
4. 1161
5. 4184
28
1. 3345
1. 758
23306
618
7. 6123
10. 063
13. 268 17. 449
2. 4273 3214 4. 3219 5. 7435
0
1. 3478
1. 8114
14. 79
21. 725
31. 408 45. 259
0
2. 2080 3. 2620 4. 8010 7. 0400 10. 286
1. 4889
2. 分16 4. 3839 7. 10675711, 467 18. 420 29. 457 46. 902 74. 358 117. 390
50
1, 6446
17603 304. 48
60
1. 8167 3. 2810 5. 8916 10. 520 18. 679 32. 988 57. 946 101. 26


===== Page 534/545 =====
附, 录 ( 52
续表
切态 123 4 160
34
场障
2
1. 1200 1. 1400 1. 1500 1. 1600 1. 1800 1. 2000 12400
1. 2800 1. 3200 1. 3600
2
1. 2544 1. 2996 1. 3225 1. 346 1. 3924 1. 4400 1. 5376
1. 6384 1. 7424 1. 8496
3
1. 4049 1. 4815 1. 5209 1. 5609 1. 6430 1. 7280 1. 9066
2. 0872 2. 3000 2. 5155
1. 5735 1. 6890 1. 7490 1. 8106 1. 9388 2. 0736 2. 3642
2. 6844 3. 036
3. 4210
5
1. 7623 1. 9254
2. 0114 2. 1003 2. 2878 2. 4883 2. 9316
3. 436
4. 0075 4. 6526
6
1. 9738 2. 1950 2. 3131 2. 4364 2. 6996 2. 9860 3. 6352
4. 3980 5. 2899 6. 3275
7
2. 2107 2. 5023
2. 6600 2. 8262 3. 1855 3. 5832 4. 5077
5. 6295
6. 9826 8. 6054
8
2. 4760 2. 8526 3. 0590 3. 2784 3. 7589 4. 2998 5. 5895
7. 2508
9. 2170 11. 703
9
277731 3. 2519
3. 5179
3. 8030 4. 4355 5. 1598
6. 9310
9, 2234 12166 15. 917
0
3. 1058 3. 7072
4. 0%56
4. 4114 5. 2338 6. 1917
8. 5944 11. 806
16060 21. 647
11
3. 4785 4. 2262
51173
3. 40 10. 657
15. 112
21. 119 29. 439
4. 032
6. 1739
12
3. 8960 4. 8179 5. 3505
5. 9360 7. 2876 8. 9161 13. 215
19. 343
27. 983 40. 057
13
4. 3635 5. 4924
8. 5994
16. 386
24. 759
36. 937 54. 451
6132
6838
10
14
4. 8871 6. 2613
7. 0757
7. 9875 10. 147 12. 839
20. 319
31. 691
48. 757 74. 053
15
5. 4736 7. 1379 81371 9. 2655 11. 974 15. 407 25. 196
40. 565
64. 359 100. 71
16
6. 1304 8. 1372 9. 3576 10. 748 14. 129 18. 488 31. 243
51. 923
84. 954 136. 97
3
6. 8660 9. 2765 10761 12. 468 16. 672 22. 186 38741
66. 461 112. 14 186. 28
18
7. 6900 10. 575 12375 14. 463 19, 673 26623
48039
86. 071 148. 02 253. 34
19
8. 6178 12. 056 14. 232 16. 777 23, 214 31. 948
59. 568 108. 89 195. 39 344. 54
73. 864
0
9. 6463 13, 743 16367 19. 461 27, 393 38. 338
19. 38 257. 92 468. 57
10, 804
340. 45
21
15. 668 18. 822 22. 574 32. 324 46. 005 91. 92 178. 41
637. 26
22 12. 100
17. 861 21. 645 26. 186
55. 206 113. 57
228. 36
38. 142
449, 39 86667
2 20. 362 24. 891 30. 376 45. 008 66247 140. 8
292. 30 593. 20
23
11787
24 15. 179
23. 212 28. 625 35. 236 53. 109 79. 497 174. 63
374. 14 783. 022 1603. 0
40. 874 62. 669 纸 216. 54
2 17. 000
32. 919
478. 901088. 6 21801
26 19. 040 30. 167 37. 857 47. 414 73. 949 114. 48
268. 51
613. 00
2964. 9
164
27 21. 325
34. 390 43. 535 55. 00
87. 260 137. 37
332. 95
784. 641800. 94052. 3
3 23. 884
39. 204 50. 066
102. 97
1004. 3 2377. 2
o80
164. 84
412. 85
3486. 5
29 26. 750
44. 693 57. 575 74. 009 121. 50
197. 81 511. 95 1285. 6 3137. 97458. 1
30 29. 960
50. 950 66. 212 85. 850 143. 37 237. 38 634. 82 1645. 5 4142110143. 0
0 93. 051 188. 83
37872
750. 38
5455. 9 19427 66521
h16
14008
50289. 00
700. 233 1083. 7 16707 3927. 4 9100. 446890
60 897. 60 2595, 9 4340 701033 364
*>99999


===== Page 535/545 =====
5269财务成本管理
复利现值系数表( P/P, 1#) =( 1+] “
附表二
 13
48
0
u
. 9259
. 9901
. 9804 . 9709
. 9613
. 9324
. 9434
. 9346
. 9174
08
2
9803
. 9612
9426
. 9246
9070
8900
. 8734
8573
8417
8764
3
8396
, 8163
. 7938
7722
7513
9706
, 9423
, 9151
, 8890
8638
. 9610
. 9238 888 854
8227
7921
7629
7350
7084
6830
4
7835
, 649
5
9515
9057
. 8626
. 8219
7473
7130
6806
6209
6
9420
. 8880
. 8375
7903
7462
7050
. 6663
. 6302
. 5963
5645
7
9327
, 8706
8131
7599
7107
, 6651
, 6227
, 5835
, 5470
5132
. 7894
. 6274
8
. 9255
. 8535
. 7307
6768
. 820
. 5403
. 5019
4665
. 8368 7664
7026
5919
9
. 9143
6446
5439
5002
4604
4241
, 8203
, 5584
10
. 9053
, 7441
686
. 6139
, 5083
, 4632
, 4224
. 3855
带
7224
6196
5847
5268
4751
4289
3505
. 8963
8043
. 3875
, 7014
6246
. 5368
. 4440
. 355
1
8874
, 75
, 9心
. 3971
- 3186
13
8787
. 7730
. 6810
. 6006
. 5303
. 4688
. 4150
. 3677
. 3262
2897
1
8700
7579
. 6611
. 5775
, 5051
. 4423
3878
, 3405
, 2992
, 2633
1
. 8613
, 7430
, 6419
. 3333
. 4810
. 413
3624
. 3152
. 2743
. 2394
16
, 6232
. 5339
, 4581
, 3936
, 2919
2176
8528
, 7784
, 3387
, 2519
17
8444
, 7142
. 600
5134
4363
. 3714
. 3166
. 2703
. 2311
1978
18
8360
. 7002
5874
4936
. 4155
3503
2959
2502
2120
1799
19
8277
, 664
, 5703
4746
, 3957
, 3306
2765
, 2317
. 1945
1635
20
8195
. 6730
· 5537
4564
. 3769
. 3118
. 2584
2145
. 1784
. 1486
21
8114
, 68
, 5375
4388
, 3589
. 2942
, 2415
. 1987
. 1637
1331
8034
. 6468
. 5219
4220
. 3418
2775
2257
. 1839
. 1502
1228
28
7954
. 6342
5067
4057
3256
2618
210
, 1703
, 1378
1117
24
, 6217
. 4919
3901
. 3101
2470
. 1971
1577
. 1264
-1015
7876
2953
2
7798
. 6095
. 4776
3751
2330
1842
. 1460
. 1160
0923
26
4657
3604
2812
. 2198
1722
. 1064
7720
. 5976
. 1352
0839
2
7644
589
4502
3468
2678
2074
1609
1252
, 0976
0763
28
3335
2551
0693
7568
, 5744
, 4371
, 1956
, 1504
, 1159
, 0895
28
. 4243
3207
· 2429
. 1846
. 1406
1073
. 0822
0630
. 7493
. 3631
1741
1314
30
7419
5521
. 4120
3083
2314
. 0994
, 0754
0573
0937
33
7059
. 5000
. 3554
2534
1813
. 1301
. 0490
0356
066
40
6717
4529
. 3066
2083
. 1420
0972
0668
, 0460
, 0318
0221
43
0137
6391
, 410
, 2644
. 1712
. 1113
. 00727
. 0476
. 0313
. 0207
50
6080
3715
2281
1407
0872
0543
0339
0213
0134
0085
5
5785
, 3365
, 1968
. 1157
, 0683
0406
, 042
, 0145
087
. 0053


===== Page 536/545 =====
录( 0527
续表
24
9
很张
始
胡效 13
B
. 8929
8772
866
8621
, 8475
. 8333
. 8063
781
. 7376
. 7333
. 7695
7361
7432
. 718
N44
6504
6104
5739
5407
2
. 7972
4348
, 3975
5
. 7118
6750
6575
6407
. 6086
, 5787
, 5245
, 4768
. 518
. 4823
. 4230
. 3725
3294
. 2923
4
6355
, 5921
5718
. 332
5
5674
. 5194
4972
4762
4371
4019
3411
2910
2495
2149
. 3349
. 2751
2274
6
5066
4556
4323
4104
. 5704
1890
. 1580
7
4523
3996
3759
3538
. 3139
2791
2218
1776
1432
, 1162
8
4039
3506
3269
, 3050
, 2650
, 2326
, 1789
1388
108
. 0854
9
307
2843
2630
. 2255
. 1938
. 1443
108
0822
. 0628
. 3606
. 3220
2697
2472
2267
1911
1615
1164
0847
0623
0462
11
2875
2366
2149
. 1954
. 1619
. 1346
. 0938
0662
0472
. 0340
12
2567
2076
. 1869
1665
1373
1122
0757
0517
, 0357
, 0250
, 0935
13
2292
. 1821
, 1625
, 1452
, 1163
0610
0404
. 7
. 0184
0779
0205
. 197
. 1413
. 1252
. 0985
0492
. 0316
. 0135
14
, 2046
1
083
0649
0397
, 047
009
. 1827
1401
. 1229
. 1078
. 1229
. 0980
. 0709
0541
0320
. 0193
. 0118
073
16
, 1631
1
1
. 1456
. 1078
. 0929
0802
0600
0451
0059
, 0150
. 0089
0054
0608
0376
0208
. 0118
. 0068
0039
, 1300
, 046
0
09
19
0313
0168
0051
0029
. 1161
. 0829
. 008
. 0596
0431
. 0092
0261
009
0021
30
1037
. 0728
, 0514
0365
, 013
, 0072
15
21
. 0926
. 0638
. 0531
0443
. 0309
0217
. 0109
. 0056
0029
0016
. 0181
. 0044
0022
. 0012
22
0826
, 0560
0462
0382
, 0062
, 008
. 0151
23
0738
, 0491
. 0402
082
. 6022
0
003
0017
. 0008
24
. 0659
. 0631
. 0349
0284
. 0188
, 0126
, 0057
0027
0013
, 0006
0021
. 0006
25
3
, 0160
. 0106
. 0046
0010
0688
, 0
. 024
, 0007
26
. 0525
0331
0264
0211
. 0135
, 0087
, 0037
0016
, 0003
. 0073
. 0006
27
046
, 0291
, 0230
0182
, 0113
0030
. 013
. 0002
0255
. 0061
. 0024
. 0010
. 0004
. 0000
, 0419
020
013
0
29
0174
0135
, 0052
, 0051
0020
, 0008
, 0003
, 0001
. 0374
0224
30
0334
0196
0151
. 0116
. 0070
. 0042
. 0016
. 0006
. 002
. 0001
0017
. 0006
. 0002
35
0102
0075
, 0055
0030
. 0001
. 0188
053
0037
. 0026
0013
0007
. 0002
. 0001
40
, 0107
0006
0003
0001
4
. 0061
0027 a
0
9
. 0035
, 0014
, 000
, 0006
0003
c001
·
. 0007
. 0005
. 0003
. 0001
3
. 0020
*<, 0001


===== Page 537/545 =====
Ge 财务成本管理
附表三
E分814。n) =11+-
2
4ss
6
1
9
1, 0000 1. 0000 1. 0000 1. 0000 1. 0000 1. 0000 1. 0000 1. 0000 1. 0000
1. 0000
4
2. 0100 2. 0200 2. 0300 2. 0400 2. 0500 2. 0600 2. 0700 2. 0800 2. 0900
2. 1000
3
3. 0301
3. 0604 3. 0909 3. 1216 3. 1525 3. 1836 3. 2149 3. 2464 3. 2781
3. 3100
4. 0604
4. 1216
4. 1836 4. 2465 4. 3101 4. 3746 4. 4399
4. 5061 4. 5731
4. 6410
5. 1010 5. 2040
5. 4163
5. 6371
3. 01
3. 96
71
666 5. 9847
6. 1051
6
6. 1520
6. 3081
h. 408
5633
6. 8019 6. 9753
7. 1533 7. 3359
7. 5233
7. 7156
7
7. 2135
7. 4343 7. 6625 7. 8983 8. 1420 8. 3958 8. 6540 89228 9. 2004
9. 4872
8. 2857 85830 8. 8925
9. 5491 9. 8975 10. 260
9. 2142
10. 637
11. 028
11. 436
9
9. 3685 9. 7546 10159 10. 583
11. 027 11, 491
11. 978
12488 13. 021
13. 579
10 10. 462 10. 950 11. 464 12006
12578 13. 181
13. 816 14. 487
15. 193
15. 937
1 11. 567 12169
12. 808 13. 486
14. 207 14. 972
15. 784
16. 645
17. 560
18. 531
12 12. 683 13. 412
14. 192 15. 026
15. 917 16. 870
17. 888 18. 977 20141
21. 384
13 13. 809 14. 680 15. 618 16627 17. 713 18. 887
20. 141 21, 495
22953
24. 523
14 14. 947 15. 974 17. 086 18. 292
19. 599 21. 015 22. 550 24. 214 26. 019
27. 975
15 16097
17. 293 18599 20. 024 21. 579 23. 276 25. 129 27. 152
29. 361
31. 772
16 17. 258 18. 639 20157 21. 825 23. 657 25. 673
27. 888 0. 324
35. 950
33. 003
17 18430 20. 012 21. 762 23. 698 25. 840 28, 213
30. 840 33. 750 36974
40. 545
18 19. 615
21, 412 23. 414 25. 645 28. 132 30. 906 33. 999 37. 450 41. 301
45. 599
19 20811 22. 841 25117 27. 671 30. 539 33. 760 37. 379 41. 496 46. 018
51. 159
20 22. 019
24. 297 26. 870 29. 778
33. 066 36. 786
40. 995 . 752
51. 16
57. 273
21
28280 25. 783
28. 676 31. 969 35. 719 39. 993
44. 865 50. 425 56765
64. 002
22
24. 472 27. 299 30537 34. 248
38. 505 43. 392
49, 006 55. 457
62873
71. 403
23 257716 28. 845 32453 36. 618 41. 430 46. 996 53. 436 60. 883 69. 532
79. 543
24 26973 30. 422 34. 426 39. 083 44. 502 50. 816 58. 177 66. 765 76. 79
88. 497
25 28243 32. 030 36. 459 41. 646
47. 727 54. 863
63. 294 73. 106
84. 701
98. 347
26 29. 526 33. 671 38. 553
44. 312 51. 113 59. 156
68. 676 79. 954
93. 324 109. 18
27 30. 821
35. 344 40. 710 47, 084 54. 669 63. 706
74. 484 87. 351 102. 72
121. 1
28 32. 129
37. 051 42. 931
49. 968 58. 403 68. 528
80. 698 95. 339 112. 97
134. 21
29 33. 450 38. 792 45. 219 52. 966 62. 325 73. 640 87. 347 103. 97 124. 14
148. 6
30 34. 785
40. 568 47. 575 56. 085 66. 439 79. 058 94. 461 113. 28 136. 31
164. 49
40 48. 886 60, 402 75. 401 95. 026 120. 80 154. 76 199. 64 259, 06 337. 88
442. 59
50 64. 463
84. 579 112. 80 152. 67 209. 35 290. 34
406. 53 573. 77 815. 08 1163. 9
60 81. 670 114. 05
163. 05 237. 99
353. 58 533. 13 813. 521253. 2 1944. 8 3004. 8


===== Page 538/545 =====
附 最的
152
续表
4
95
到格 36%
30
12%
6
8
期数
1. 0000 1. 0000 1. 0000 1. 0000 1. 0000 1. 0000 1- 0000 1. 0000 1. 0000
1. 0000
2
21200
2. 1400 2. 1500 2. 1600 21800 2. 2000 2. 2400 2. 2800 2. 3200 2. 3600
3. 5724
3. 6400
3. 7776 3. 9184 4. 0624 4. 2096
3
3. 3744
3, 4396
372
3. 3036
5. 0665 52154 5. 3680 5. 6842 6. 0156 6. 3624 6. 7251
4
4. 7793
4. 9211
40034
8. 0484
8. 6999
9. 3983
3
6. 3528
6. 6101 67424 68771
7. 1542 7. 4416
10. 146
6
8. 535
8. 7557 89775 9. 4420 9. 9299 10. 980
12. 136 13. 406 14. 799
8. 1152
16. 534 18. 696 21. 126
7
10. 089 10. 730 6 11. 414
12. 142
12. 916
14. 613
16. 499 19. 123 22. 163 25. 678 29. 732
8
12. 300 13. 233
13. 727
14. 240
15. 327
9
24, 712 29, 369
34. 895 41. 435
14. 776 16. 085
16785
131 1v
10
17. 549
19. 337 20. 304
21. 321
23. 52 25. 959 31. 643 38. 593 47. 062 57. 352
50. 398 63. 122 78. 998
20. 655 23. 045
243340
28. 73
28. 733
32. 130
4028
50. 895
66. 510 84. 320 108. 44
12
24. 133 27. 271
29. 002 30. 850
34, 931
39, 581
13
32. 089
64. 110 84. 853 112. 30 148. 47
28. ( 29
4. 32 b 421
4347
14
37. 581
40. 505 43. 672
50. 818
59. 196 80. 496 109. 61 149. 24 20293
32. 393
72. 035 100. 82
141. 30 198. 00 276. 98
15
37, 280 43, 842
47. 580 1.
606
16
42. 753 50. 980
55. 717
60. 925
72. 939
87. 442 126. 01
181. 87 262. 36 377. 69
17
48. 884 59. 118 65. 075 711. 673
10593 157, 25
2%33 347, 31
514. 66
8008
18
55. 750 68. 94 75. 836 84. 141 100. 74
128. 12 195. 99
300. 25 459. 45 770. 94
98. 605 123. 41
154. 74 244. 03
385. 32 607. 47 954. 28
19
63, 440 78. 969 88, 212
91. 025
115. 38
186. 69 303. 60
494. 21 802. 8651298. 8
30
72. 052
102. 44
14668
21
81. 699 104. 77 118. 81
134. 84 174. 00
225, 03 377, 46 683 100 767. 4
22 92. 503 120. 44 137. 63 157. 41 206. 34
271. 03 469. 06 812. 001401. 2 2404, 7
19. 28 183. 60 244. 49
326. 24 582. 6310404 1850. 6 3271. 3
23 104. 60 138. 30
184. 17 213. 98 289. 49 392. 48 723. 465 13327 243. 8 4450. 0
24
11816 185. 66
25
133. 33 181. 87 21279 249. 21
342. 60
471. 98 8001%3226. 8 60a3. 0
26
190. 33 208. 33 245. 71 290. 06
405. 27
567. 383 11146 2185. 7 4260, 4 8233. 1
169. 7 238. 50 283. 57 337. 50
479. 22
681. 85
2798. 7 5624. 8 111980
27
392. 90 566. 48
819. 221716.
3583. 3 7425. 715 230. 3
28
190. 70 272. 89 327. 10
29 214. 58 312. 08 377. 17 456. 30
669. 45
984. 072120.
4387 002. 0200714. 3
30 241. 33 356. 79 434. 75 530. 31 790951181. 9 2640, 9 5873. 212941 28172. 3
2360. 8 4163. 2 7343. 227290 69377
40
767. 01342. 0
1770. 1
45497
50 2400. 0 4994. 5 7217. 710436
21 813
5 18535 29220
46058
60 7471. 6
·
*>99999


===== Page 539/545 =====
6 财务成本管班
附表四
年金现值系数表( P/A, i , m) =1- ( 1+i ] “ 】/i
2
 班教
0. 9901 0. 9804 0. 9709
0. 9615
0. 9524 0. 94340. 9346 0. 9259 0. 9174
3
1. 9704
19416
1. 9135 188611. 85941833418060 1. 7833
1. 7591
3
2. 410
2. 8839 28286
2. 7751
2. 7232
2. 6730
2. 6243
25771
2. 5313
4
3. 900
3. 8077
37171
3. 6299
3. 5460
3. 4651
3. 3872
3. 3121
3. 2397
5
4. 8534
4. 7135 4. 5797
4. 4518 714, 303
4. 2124
4. 1000
3. 9927
3. 8897
6
3. 8
3. 014
3. 4172
`3. 2421
3. 081
4. 9173
4. 7665
4. 6229
4, 4859
7
6. 7282
6. 4720
6. 2303
60021
376
55824 3308
5. 2064 5. 0330
8
7. 6517
7. 3255
3. 010
6732
6. 4682
63
3. 0716
5. 7466
5. 5348
9
8. 5660
8. 1622
7. 7861
7. 4353
68017
6. 249
7. 1078
63132
3. 9582
10
7. 217
041
82h
83
8110
. 360
7. 026
6. 7101
6. 417
1
10. 3676
9. 7868
7. 8869
7. 1390
6. 8052
h 8b3有8. 00
7. 496
12
11. 2551
105753
9. 9540
9. 3851
8. 8633 4. 388
7. 9427
7. 5361
7. 1607
1
12. 1337
10. 6350
1. 909
11. 3484
00835
06
883
83317
7. 4869
14
13. 0037
121062 11. 296
10. 5631
9. 8985
9. 2950
8. 7455
8. 2442
7. 7862
15
13. 8651
12. 84933
11. 9379
11, 1184 10. 3797 9. 7122
9. 1079
8. 060
8. 5596
16
14. 7179
13. 3777 12. 611
11. 6523
10. 8378 10. 1059
9. 4466
8. 8514
8. 3126
1
15. 5623
14. 2919 13. 1661
12. 1657
11. 2741 10. 4773
9. 7632 9. 1216
8. 5436
18
16. 608
14. 003
17333
12. 6896 11. 6896 10. 8276
10. 0591
9. 3719
87556
19
17. 2260
15. 6785 14. 3238
13. 1339
12. 0853 11. 181
10. 536
9. 6036
89601
0
18. 04S6
14. 8775
12. 4622 11. 4699
031
13. 5900
10. 5940
9. 8181
9. 1285
21
18. 8570
17. 0112 15. 4150
14. 0292
12. 8212
10. 8355
10. 0168 9. 2922
1161
1
19. 6604
17. 6580 15. 9369
14. 4511
13. 4886 12. 3034
11. 0612
10. 2007 9. 4424
2
20. 4558
18. 2922 16. 4436 14. 8568 13. 4886 12. 3034
11. 2722
10. 3711 9. 5802
24
21. 2434 18. 9139 16. 9355
15. 2470 13. 7986 12. 5504
11. 4693
10. 5288 9. 7066
25
220232 19, 5235
17. 4131
15. 6221
14. 0939 12. 7834
11. 6536
10. 6748 9. 8226
26
22. 7952 20. 1210
10. 876
15. 9828
14. 3752 13. 0032
11. 8258 10. 8100 9. 9290
20
22. 5596 20. 709 183270 16. 3296 14. 6430 13. 2105
11. 9867
109352 10. 0266
28
24. 3164 21. 2813 187641
16. 6631 14. 8981
13. 4062
121371 11. 0511 10. 1161
29
19. 1885
16. 9837
25. 0658 21. 8444
15. 1411
13. 5907
122777 11. 1584 10. 1983
30
25. 8077
22. 3965
19. 6004 517. 2920
15. 3725
13. 7648
12. 4090
11. 2378
10. 287
35
29, 4086
24. 9986
21. 4872
186646
16. 3742 14. 4982
12. 9477 11. 6546 10. 5668
40
32, 8347
27. 3555
23. 1148 19. 7928 17. 1591
15. 0463
13. 3317 11. 9246 10. 7574
45
17. 741
36, 0845 29, 4902 24. 5187 207200
15. 4558
13. 6055 12. 1084 10. 8812
0
39, 1961
31, 4236
25. 7298 21. 4822 18, 2559 157619
13. 8007
12. 2335 10. 9617
133
42. 1472
33. 174
0614
221080
18. 683
13. 000
13. 9399 12. 3186 11. 00


===== Page 540/545 =====
68
路
量
9 531
续表
32%
28%
学
1
0. 8475 0. 8333 0. 8065 0. 7813 0. 7576
0. 9091 0. 8929 0. 8772 0. 8566 0. 8621
1. 5278 1. 4568 1. 3916 1. 3315
2
1. 7355 1. 6801 1. 6467 1, 6257
1. 6052
1. 363
2. 2459 21743
2. 1065 1. 9813
1. 8684 1. 7663
3
2. 4869 2. 4018 2. 3216 2. 2832
2. 4043
2. 2410 2. 0957
4
31669 3. 0373 2. 9137 2. 8550
2708
2600
8388
3. 608 3, 4331 3. 3522 3. 2743 3. 1272 29906 2. 7454 2. 5320 2. 3452
5
3. 7908
6
4. 3553
3. 4976
3. 3255
3. 0005
2. 7594 2. 5342
4. 1114 3. 88s7
3. 7843
364
3. 2423
2. 9370 2. 6775
7
4. 8684 4. 5638 4. 2883
4. 160
408t
11
3. 96
8
4. 9676 4. 6589
4. 4873
4. 3436 4. 0776
3. 8372 3. 4212
3. 0758 2. 7860
5. 3349
9
3. 3282
4. 3030
4. 0G10 3. 5655
3. 1842 2. 8681
5. 7590
4. 046
4. 716
4. 600
10
6. 1446 5. 6502 5. 2161 5. 0188 4. 8332 4. 4941
4. 1925 3. 6819
3. 2689 2. 9304
3. 3351
1
6. 4951
5. 9377 5. 4527
5. 2337
5. 0286 4. 6560
4. 3271 3. 7757
2. 9776
3. 3868 3. 0133
12
6. 8137
6. 1944 5. 6603
54206
5, 197
4. 33
4481
3. 8314
13
7. 1034 6. 4235 5. 8424
5. 5831
5. 3423 4. 9065
4. 5327 3. 9124 3. 4272 3. 0404
4. 6106 3. 9616
3. 4587 3. 0609
14
7. 3657 6. 6282 6. 0021
5. 7245
5. 4630
5. 0081
15
7. 6051
6. 8109 61422 5. 8474
5. 575
5. 0的16 4. 6755 4. 0013 3. 4834 3. 0764
4. 0333 3. 5026 3. 0882
16
7. 8237 6. 9740 62651 5. 9542
5. 068
3. 1024
4. 7296
5. 2223 4. 7746 4. 0591
3. 5177 3. 0971
17
8, 0216 7. 1196
63720
6. 0473
3. 48
4. 812
3. 5294 3. 1039
18
8. 2014 7. 2497 64674 6. 1280
3. 81 5. 2752
40
5. 3162 4. 8435 4. 0967 3. 5386 3. 1090
18
8. 3649 7. 3658
6330
0. 1
380
20
8. 5136 7. 4694 6. 6231
6. 2593
5. 9288
3332 4. 8696 40 34 311
21
8. 6487 7. 5620 6. 6870 6. 3125
5. 9731 5. 3837 4. 8913 4, 1212 3, 5514 3. 1158
3. 5ss8 3. 1180
22
8. 7715 7. 6446
6. 7429
60113 5. 409 4. 9004
4. 130
0336
31197
23
8. 8832 7. 7184 6. 7921
6. 3988
6. 0442 5. 4321 4. 9245 4. 1371 3. 5592
3. 3619 31210
24
8. 9847 7. 7843 6. 8351
6. 4338
6. 0726 5. 4509
4. 937
4. 1+2
25
9. 0770 7. 8431
6. 8729
6. 4641
6. 0871 5. 4669 4. 9476
4. 1474 3. 3640
3. 1221
4. 9563
3. 5656 5. 1227
26
9. 1609 7. 8957
6. 9061 6. 4906 6. 1182 5. 4804
4. 131
5. 4919 4. 9636 4. 1542 3. 5669 3. 1233
27
9. 2372 7. 9426
6. 9352 65135
6. 13
3. 5679 3. 1237
28 9. 3066 7. 9844
6. 96007 65335 6. 1520
3. 3016
4. 960
4. 1366
6. 3308
6. 1656 5. 5098 4. 9747
4. 1585 3. 5687 3. 1240
29
9. 3606 8. 0218 6. 9830
4. 9789
3. 5693 3. 1242
30
9. 4269 8. 0552
7. 002 6. 5660
6. 103
3. 3168
4
6. 2153 5. 5386 4. 9915
1. 1644 3. 5708 3. 1248
38
9. 6442 8. 1755 . 070 6. 6166
40
9. 7791 8. 2458 7. 1050 6. 6418 6. 2335 5. 5482 4. 9966 4. 1659 3. 5712 3. 1250
7. 1232 6. 654 67421
55523 4. 9586
4. 1664 3. 5714 3. 1250
43
9. 6
8. 2825
3. 5714 3. 1250
0
9. 9148 8. 3045 7. 1327 6. 6605 6. 2463 5. 5541
4. 9分95
4. 1666
5. 5549 4. 998
4. 1660
33714
31230
33
04
8310 36
bbh6
5. 2482


===== Page 541/545 =====
532( 9财务成本管理
附表五
自然对数表( nv
3
1. 0 a.  c000 0010 0. 0198 0. 0296 0. 0392 0. 0488 0. 0583 0. 0677 0. 0770 0. 0562
1. 1 0. 0953 0. 1044 0. 1133 0. 1222
01310 0. 1398 0. 148 0. 1570
0. 1655 0. 1740
12 0. 1823 0. 1906 0. 1989 0. 2070 02151 0. 2231 0. 2311 0. 2390 02469 0. 2546
1. 3 0. 2624 0. 2700 02776 0. 2852 0. 2927 0. 3001 0. 3075 0. 318 0. 3221 0. 3293
14 0. 3365 0. 3436 0. 3507 0. 3577 0. 366 0. 3716 03784 0.  3853
0. 3920 0. 3988
0. 4055
0. 4383
1
0. 4121 0. 4187 0. 4253 0. 4318
0. 4447 0. 4511 0. 4574 0. 4637
1. 6 0. 4700 0. 4762 0. 4824 0. 4886 0. 4947 0. 5008 0. 5068 0. 5128 0. 5188 0. 5247
17 0. 5306 0. 5365 0. 5423 0. 5481 0. 5539 0. 5596 0. 5653 0. 5710 0. 5766 0. 5822
1. 8 0. 5878 0. 5933
0. 6043
0. 6152
0. 5988
0. 6098
0. 6206 0. 6259 0. 6313 0. 6366
19 0. 6419 0. 6471 0. 6523 0. 6575 0. 6627 0. 6678 0. 6729 0. 6780 0. 6831 0. 6881
0. 7080
2. 0 0. 693
0. 6981 0. 7031
0. 7129 0. 7178 0. 7227 0. 7275 0. 7524 07372
2. 1 0. 7419
0. 7467 0. 7514 0. 7561 0. 7608 0. 7655 0. 7701 0. 7747 0. 7793 0. 7839
2. 2 0. 7885
0. 7930 0. 7975 0. 8020 0. 8063 0. 8109 0. 8154 0. 8198 0. 8242 0. 8286
2. 3 0. 8329
0. 8372 0. 8416 0. 8459 0. 8502 0. 8344 0. 8587 0. 8629 0. 8671 0. 8713
2. 4 0. 8755
0. 8796 0. 8538
0. 8879 0. 8920
0. 8961
0. 9002 0. 9042 0. 903 0. 9123
2. 5
0. 9163
0. 9203 0. 9243 0. 9282 0. 9322 0. 9361 0. 9400 0. 9439 0. 9478 0. 9517
2. 6 0. 9555 0. 9594
0. 9632 0. 9670 0. 908
0. 9746 0. 9783 0. 9821
0. 9ks8 0. 9895
27 0. 9933
0. 9969 1. 0006 1. 0043 1. 00a0
1. 0116
1. 0152 1. 0188
1, 0225 1. 0260
2. 8 1. 0296 1. 0332 1. e67 1. 04031. 0438
1. 0473
1. 0508 1. 0543 1. B% 1. 0613
2. 9 1. 0647
1. 0682 1. 0716
1. 6030 1. 0784 1. 0818
1. 0a52 1. 0886 1. 0919 1. 0953
30
1. 1019
1. 0986
1. 1063 1. 1086 1. 1119 1. 1151 1. 1184 1. 1217
1. 1249 1. 1282
31 1. 1314
1. 1346 1. 1378 1. 1410 1. 1442 1. 1474
1. 1506 1. 1537 1, 1569 1. 1600
32 1. 1632
1. 1663 1. 164 1. 1725 1. 1756 1. 1787 1. 1817 1. 1848 1. 1878 1. 1908
3. 3 1. 1939
1. 1969 1. 2000 1. 2030 1. 2060 1. 2090
1. 2119 1. 2149 1. 2179 1, 2208
3. 4
1. 2238
1. 2267 1. 2296 12326 1. 2355 1. 2384
1. 2413 1. 2442 1. 2470 1. 2499
3
1. 2528
1. 2536 1. 2585
1. 2613 1. 2641 1. 2660
1. 2698 1. 2726 1. 2754 1. 278
3. 6 1. 2809
1. 2837 1. 2865
1. 2892 1. 2920
1. 2947
1. 2975 1. 3002 1. 3029 1. 3056
3. 7
1. 3083
1. 3110 1. 3137
1. 3164 1. 3191
1, 3218
1. 3244 1. 3271
1. 3297 1. 3324
3. 8
1. 3481
1. 3350
1. 3376 1. 3403 1. 3429 1. 3455
1. 3507 1. 3533 1. 3558 1. 3584
3. 9 1. 3610
1. 3635 1. 3661 1. 3686 1. 3712 1. 3737
1. 3762 1. 3788 1. 3813 1. 3838
4. 0 1. 3863
1. 3888 1. 3913
1. 3938 1. 3962 1. 3987
1. 4012 1. 4036 1. 4061 1. 085
41
1. 4110 1. 4134 1. 4159
1. 4183 1. 4207 1. 4231
1. 4255 1. 4279 1. 4303 1. 4327
4. 2
1, 4351
1, 4375 1. 4398
1. 4422 1. 4446
1. 4460
1. 4493 1. 4516
1. 4390
1436


===== Page 542/545 =====
录 0 533
续表0
8 9
6
4. 3 1. 4586
1. 4609 1, 4633
1. 4656 1. 4679 1. 4702
14725 1. 4748 1. 4770 1. 4793
4. 4 1. 4816
1. 4839 1. 4861
1. 4884 1. 4907 1. 4929 1. 4951 1. 4974 1. 4996 1. 5019
4. 5
1. 5063 1. 5085
1. 5041
1. 5107
1. 5129 1. 5151
1. 5173 1. 5198
1. 5217 1. 5239
4. 6 1. 5261
1. 5282 1. 5304
1. 5326 1. 5347 1. 5369
1. 5390 1. 5412
1. 5433 1. 5454
4. 7 1. 5476
1. 5497 1. 5518
1. 5539
1. 5560 1. 5581
1. 5602 1. 5623
1. 3644 1. 5665
4. 8 1. 5686
15707
1. 5728
1. 5769 1. 5790
1. 5810 1. 5831
1. 5748
1. 5851 1. 5872
4. 9
1. 5913 1. 5953
1. 5892
1. 5953 1. 5974 1. 5994 1. 6014 1. 6004
1. 6054 1. 6074
5. 0 1. 6094 1. 6114 1. 6t54
1. 6154 1. 6174 1. 6194
1. 6214 1. 6233
1. 6253 1. 627
5. 1 1. 6292
1. 612 1. 6552
1. 6351
1. 6371
1. 6390 1. 6409 1. 6429
1. 6448 1. 6467
5. 2 1. 6487 1. 6506 1. 6525
1. 6544 1. 6563 1. 6582 1. 6601 1. 6620
1. 6639 1. 6658
5. 3
1. 6677 1. 6696
1. 6715
1. 6734 1- 6752 1. 6771
1. 6790 1. 6808
1, 6827 1. 6845
5. 4
1. 6864 1- 6882 1. 6901
1. 6919 1. 6938 1. 6556
1. 6974 1, 6993
1, 7011 1. 7009
5. 5
1. 7047 1. 7066 1. 7084
1. 7102 1. 7120 1. 7138
1. 7156 1. 7174
1, 7192 1. 7210
5. 6
1. 7228 1. 7246 1, 7263
1. 7281
1. 7299 1. 7317 1, 7334 1, 7352
1. 7370 1. 7387
5. 7 1. 7406
1. 7422 1. 7440
1. 7457 1. 7475 1. 7492
1, 7506 1, 7527
1. 7544 1. 7561
5. 8
1. 7579 1. 7596
1. 7613
1. 7630 1. 7647 1. 7664
1, 7681 1, 7608
1. 7716 17733
5. 9
1. 7750 1. 7766
1. 7783
1. 7800 1. 7817 1. 7834 1. 785H 1. 7867
1. 7884 1790L
6. 0
1. 7918 1. 7934 1. 7951
1. 7967
1. 7984 1. 8001
1. 8017 1. 8034
1. 8050
1. 8066
6. 1 1, 8083 1. 8009 1. 8116
1. 8132 1. 8148 1. 8166
1. 8181 1. 8197
1. 8213 1. 8229
6. 2
1, 8245 1. 8262 1, 8278
1. 8204 1. 8310 1. 8326
1. 8342 1. 8358
1. 8374 1. 8390
6. 3
1, 8405 1. 8421 1. 8637
1. 8453 1. 8469 1. 8485
1. 8500 1. 8516
1. 8532 1. 8547
6. 4
1, 8563 1. 8579
1. 85944
1. 8610 1. 8625 1. 8641
1. 8656 1. 8672
1. 8687 1. 8703
6. 5 1, 8718 1. 8733 1. 8746
1. 8764 1. 8779 1. 8795
1. 8810 1. 8825
1. 8840 1. 8856
6. 6
1, 8871
1. 8886 1. 8901 1. 8916 1. 8931 1. 8946
1. 8961 1. 8976
1. 8991 1. 9006
6. 7
1. 9021
1. 9036 1. 9051
1. 9066 1. 981 1. 9095
1. 9110
1. 9125
1. 9140 1. 9153
6. 8
1. 9169 1. 9184 1. 9199
1. 9213 1. 9228 1. 9242
1. 9257 1. 9272
1. 9286 1. 9301
6. 9
1. 9330
1. 9315
1. 9344
1. 9359 1. 9373 1. 9387
1. 9402 1. 9416
1. 9430 1. 9445
7. 0 1. 9459 1. 9673
1. 9488
1. 9502 1. 9516 1. 9530 1. 9544 1. 9559
1. 9573 1. 9587
71
1. 9601 1. 9615 1. 9629
1. 9643 1. 9657 1. 9671
1. 9685 1. 9699
1. 9分13 1. 9727
7. 2 1. 9741 1. 9755 1. 9769
1. 9782 1. 9796 1. 9810 1. 9824 1. 9838 1. 951 1. 9865
7. 3
1. 9879 1. 9892
1. 9906
1. 9920 1. 9933 1. 9947
1. 9961 1. 9914
1. 9988 2. 0001
7. 4
2. 0015 2. 0028
2. 0042
2. 0063 2. 0069 2. 0082
2. 0096 2. 0106 2. 0122 2. 0136
7. 3
2. 0149 2. 0162 20176
2. 0189
201
2021
2. 0
2. 0242 2 2. 0268


===== Page 543/545 =====
153458财务成本管理
续表
51
2. 034 2. 0347
2. 0560 2. 0373 2. 0386 2. 0399
76 2. 0081
20295 2. 0308
2, 0521
20*25
2. 0451
2. 0477 2. 0490 2. 050320016
77 2. 0412
20438
2. 0464
22
78 2. 0541 20554 20567
2. 0580 2. 0592 2. 0605
2. 0618 2. 0631 20643 2. 0656
7. 9 2. 0669 20681 2. 0604 2. 0707 2. 0719 2. 0732 2. 0744 2. 0757
20269 2. 0082
8. 0 2. 0794 2. 0807 20819
2. 0832 2. 0844 2. 0857
2. 0865 2. 0882 2. 0894 2. 0806
2. 0980 2. 0992 2. 100
21017 2. 1029
8. 1 2. 0919 2. 0931 2. 0043
2. 0956 2. 068
8. 2 2. 1041 21054 2. 1066
2. 1078 2. 1060 2. 1102 21114 2. 1126 21138 2. 1130
8. 3
2. 1163
21175
2. 1187
2. 1199 2. 1211 2. 1223
21235 2. 1247 21258 2. 120
8. 4 2. 1282 21294 2. 1306 2. 1318 2. 1330 2. 1342 2. 139 2. 1365 21377 2. 1389
21412 2142
2. 1636 2. 1448 2. 1459 21471 2. 1483 21494 2. 1506
8. 3 2. 1401
8. 6 2. 1518 21529 21541
2. 1552 2. 1564 2. 1576 2. 1587 2. 1599 2. 1610 2. 1622
8. 7
21645 2. 1656 2. 1668 2. 1679 2. 1691 2. 1702 2. 1713 21725 2. 1736
2. 1633
8. 8 2. 1748 21759 21770 2. 1782 2. 1793 2. 180 2. 1815 2. 1837 2. 1838 2. 1849
2. 1883
2. 1905 2. 1917 2. 1928 2. 1939 2. 1950 2. 1961
8. 9 2. 1861 21872
2. 1894
21983 21994 2. 2006 2. 2017 2. 2028
2. 2039 2. 2050 2. 2061 2. 2072
9. 0 2. 1972
2. 2094
2. 2127 2. 2138
2. 2148 2. 2159
2. 2170 2. 2181
9. 1 2. 2083
22105
2. 2116
2. 226
2. 2203 22214
2. 2225 2. 2235 2. 2246
2. 2257
2. 2279 2. 2289
9. 2 2. 2192
2. 2375
2. 2343 2. 2354
2. 2364
2. 2386 2. 2396
9. 3 2. 2300 2. 2311 22322
2. 2332
2. 2481 2. 2492
04 2. 2407 2. 2418 2. 2428
2. 2439 2. 2450 2. 2460 22471
2. 250
2. 2586
2. 2555 2. 2565
22576
2. 2597 2. 2607
9. 5 2. 2513 2. 2523 2. 2534 2. 2544
2. 2690
9. 6 2. 2618 2. 2628 2. 2638
2. 2649 2. 2659 2. 2670 22680
2. 2701 2. 2711
2. 2793 2. 2803 2. 2814
9. 7
2. 272
2. 2732 2. 2742 2. 2752 2. 2762 2. 2773 22783
9. 8 2. 2824 2. 2834 2. 2844
2. 2854 2. 2865 2. 2875
22885 2. 2895 2. 2905 2. 2915
9. 9 2. 2925 2. 2935 2. 2946 2. 2956 2. 2966 2. 2976 2. 2986 2. 2996 2. 3006 2. 3016
10. 0 2. 3026
·


===== Page 544/545 =====
6
附表六
连续复利络值系效表( e” )
4
7
期数
3
8 9%
1
10%
1. 0101 1, 0202 1. 0305 1- 0408 1. 0513 1. 0618 1. 0725 1. 0833 1. 0942
1. 1002
2
1. 0202 1, 0408 1. 0618 1. 0833
1, 1052
1. 1275 1. 1503 1. 1735 1. 1972
1. 2214
3
1. 0305 1. 0618 1. 0942 1. 1275 1. 1618 1. 1972 1. 2337 1. 2712 1. 3100
1. 40
4
1. 0408 1. 0833 1. 1275 1. 1735
1, 2214
1. 2712 1. 323 1. 3771 1. 4333 1. 4918
1. 0613 1. 1052 1. 1618 1. 2214
1, 2840
1. 3499 1. 4191 1, 4918
1. 5683 1. 6487
6
1. 0618 1. 1273 1. 1972 1. 2712
1. 3499
1. 4333 1, 5220 1. 6161 1. 7160 1. 8221
1. 0725 1. 1509 1. 2337 1. 3231
1. 4191
1. 5220 1, 6323 1. 7507 1. 8776 2. 0138
8
1. 0833 1. 1735 1. 2712 1. 3771
1. 7507
1, 4918
1. 6161
1. 8965 20544 2. 2255
9
1. 0942 1. 1972 1. 3100 1. 433
1. S683
1. 7160 1, 8776 2. 0544 22479 2. 4596
10
1. 1052 1. 2214 1. 3499
1. 4918 1. 6487
1. 8221 2. 0138 2. 2255 2. 4596 2. 7183
1. 26
11
1. 3910
1. 1163
1. 3527
1. 7333
1. 9348 21598 2. 4109 2. 6912 3. 0062
1. 2712
12
1. 1275
1. 4333
20544
1. 6161
1. 8221
2. 3164 2. 6117 29447 3. 3201
13
1. 1388 1. 2968
1. 470 1. 6820 1. 9133 21815 24843 2. 8292 3222 3. 6693
14
1. 1503 1. 3231 1. 5220 1. 7507 2. 0138 23164 2. 6645 3. 0649 35254 4. 0552
15
1. 1618 1. 3499 1. 5683 1. 8221 2. 1170 24596 2. 8577 3. 3201 3. 874 4. 4817
16
1. 1735 1. 3771
1. 6161
1. 8965
2, 2253
26117
3. 5966
3. 0649
4. 2207
4. 953
17
1. 1853 1. 4049
1. 6653
1. 9739 2. 5396 27732
3. 8962
3. 2871
4. 6182 5. 4739
18
1. 1972 1. 4333 1. 7160
2. 0544 2. 4596 29447
3. 3234
4. 22007 5. 0531 6, 0496
19
1. 2092 1. 4623 1. 7683
2. 1383 2. 5857 3. 1268 3. 7810 4. 3722 5. 5290 6. 6859
0
1. 2214 1. 49L8 1. 8221 2. 2255 2. 7183 3. 3201 4. 0552 4. 9530 6. 0496 7, 3891
21
1. 2337 1. 5220 1. 8776 2. 3164 2. 8577 3. 5254 4. 3492 5. 3656
6. 6194 8. 1662
22
1. 2461 1. 5527
1. 9348 2. 4109 3. 0042 3. 7434 4. 6646 5. 8124 7. 2427 9, 0250
23
1. 2586 1. 5841
1. 9937 2. 5093 3. 1582 3. 9749 5. 0028 6. 2965 7. 9048 9. 9742
24
1. 2712 1. 6161 2. 054 26117 3. 3201 4. 2207 5. 3656
6. 821
8. 6711 11. 023
8
1. 2840 1, 6487
2. 117
27183 3. 4903 4. 4817 5. 7546 9 9. 4877
12. 182
30
1. 3499 1, 8221 2. 4996
4. 48I7 6. 0496 8. 1662
3. 3201
11. 23 14. 880 20. 086
38
1. 4191 2. 0138 2. 8577 4. 0552 5. 7546 8. 1662 11. 588 16445 23. 336 33. 115
40
1. 4918 2. 2255 3, 3201 4. 9530
7. 3891
11. 023 16445 24. 533 36. 598 34. 398
43
1. 5683 2. 4596 3, 8574 6. 0496 9. 4877
14. 880 23. 336 36. 598 57. 397 90. 017
50
1- 6487 2. 7183 4, 4817 7. 3891
12182
20. 086 33115 54. 598
90. 017
148. 41
55
1. 7333 3. 0042 5. 2070 9. 0250
15. 643
27. 113 46993
81. 45 141. 17 244. 69
0
1. 8221 3. 3201 6. 0496
11. 023
2086 h3 66686
121.
22141
403. 43
性; 例如。以10修的年利率连续复利, 期今天投资1元, 1年末的价值为1. 1052元, 2年来的价值为1. 2214元。


===== Page 545/545 =====
5361日财务成本管母
附表七
正态分布下的器积餐率工N( d)
与为
0. 0405
1. 01
6
Xa6
002
的量0报 0
0. 5239 05270 0. 5319 0. 5359
00
0.  5000 0. 5040 a. soe0 031 0. 516003a3
0. 555 0. 5596 0. 5636 0. 5675 05714 0. 5753
01 0. 5398 0. 5438 0. 5478 63517
0. 594
, 06025 0. 6064 0. 6103 0. 6141
02 0. 5793 0. 5852 a. 5871 . 5910
0. 5987
0. 6217 0. 6255 0. 6295 0. 6331 0. 6368 0. 6406 0. 6443 0. 6480 0. 6517
03 0. 6179
0. 6554 0. 6591 0. 6628 0. 6664 0. 6700 0. 6736 0. 6772 0. 6808 0. 6844 0. 6879
04
0. 7190 0. 7224
05 0. 6913 0. 6950 0. 6985 0. 7019 0. 7054 0. 7088 0. 7123 0. 7157
0. 7549
0. 7257 0. 7291
0. 7324 0. 7357 0. 7389 0. 7422 0. 7454 0. 7486 07517
06
0. 7
0. 7611
0. 7642
07704 0. 7734 0. 7764 0. 7794 0. 7823 0. 832
0. 7580
0. 7673
0. 8106 0. 8133
0. 7910 0. 7939 0. 7967 0. 7995 0, 8023 0. 8051
0. 8078
a8 01
a. 9
0. 8289 0. 8313
0. 8340 0. 8363 0. 8389
0. 8159 0. 8186 0. 8212 0. 8238 0. 8264
1. 0 0. 8413 0. 8438 0. 8461 0. 8485 0. 8508 0, 8531 0. 8554 0. 8577 0. 8599 0. 8621
11 0. 8643 0. 8665 0. 8686 0, 8708 0. 8729 0. 8749 0. 8770 0. 8790 0. 8810 0. 8830
0. 8944 0. 8962 0. 8980 0. 8997 0. 9015
12 0. 8849 0. 8869 0. 888 0, 8907 0. 8925
0. 9115
0. 9131
0. 9147 0. 9162 0. 9177
13
0. 9032 0. 9049
0. 9066 0. 9082 a. 9099
0. 9279 0. 9292 0. 9306 0. 9319
14 0. 9192 0. 9207 0. 9222 0. 9236 a. 9251
0. 9265
0. 9394 0. 9406 0. 9418 0. 9429 0. 9441
15 0. 9332 0. 9345 0. 9357 0. 9970 0. 9382
0. 9495 0. 9505 0. 9515 0. 9525 0. 9535 0. 9545
16 0. 9452 0. 9463
0. 9474 0. 9484
0. 9608 0%16 0. 9525 0. 9633
17 0. 9554 0. 9864
0. 9573 0. 9582 0. 9591
0. 9599
0. 9649 0. 9656 0. 9664 0. 9671
0. 9678 0. 9686 0. 9693 0. 9699 0. 9706
1. 8
0. 9641
073 0. 919 0. 9726 0. 9732 0. 9738 0. 9744 0. 9750 0. 9756 0. 9761 0. 9767
1. 9
0. 9817
2. 0 0. 9772 0. 9778 0. 9783 0. 9788 0. 9793 0. 9798 0. 9803
0. 9808 0. 9812
a.  98s0 0. 9854 0. 9857
0. 9826 0. 9830 0. 9834 0. 9838 0. 9842 0. 9846
2. 1
0. 9821
0. 9887
0. 9871
0. 9875
0. 9878 0. 9881
0. 9884
d0
2. 2
0. 9861 0. 9864 0. 9868
0. 9901 0. 9904 0. 9906 0. 9909 a. 9911 a. 9913
031t
2. 3
0. 9893 0. 9896 0. 9898
0. 9936
2. 4 0. 9918 0. 9920 0. 9922 0. 9925 0. 9927
0. 9929 0. 9931
06382 060
2. 5 0. 9938 0. 9940 0. 9941 0. 9943 0. 9945 0. 9946 0. 9948 0. S949 0. 9951 0. 9952
2. 6 0. 9953 0. 9955 0. 9956 0. 9957 0. 9959 0. 9960 0. 9961
0. 9962 0. 9963 0. 9964
0. 9970 0. 9971 0. 9972 0. 9973 0. 9974
27
0. 9965 0. 9966 0. 9967 0. 9968 0. 9969
0. 9977
0. 9978 0. 9979 0. 9979 0. 9980 0. 9981
2. 8 0. 9974 0. 9975 0. 9976 0. 9977
0. 9986 0. 9986
29 0. 9981 0. 9982 6. 992 0. 9983 0. 9984
0. 9984
0383 0
0. 9990
0. 9987
0. 9987 0. 9988 0. 9988 0. 9989 0 0 0. 9990
30
0. 9987
40 1. 0000 1. 0000 1. 0000 1. 0000 1. 0000 1. 0000
1. 0000 1. 0000 . 1. 0000 1, 0000
50
1. 0000 1. 0000 1. 0000
1. 0000 1. 0000
1. 0000
1. 0000
1. 0000
1. 0000 1,
注, 例如, 4=022, 周N( 4) =05871, 阳正态分布变量有0. 5871的可能取值小子式均作与022个标举
之和。